Label: MN20160421_X04
Metric: total (H2B-mCh) Count (1/Well)
Cell Type: 
Passage: 1
Notes: MCF10A + 8 LINCS drugs
plating and treatment delays
Analysis Job: MN20160421_X04

Date Time	Elapsed	B2	C2	D2	E2	F2	G2	H2	I2	J2	K2	L2	M2	N2	O2	B3	C3	D3	E3	F3	G3	H3	I3	J3	K3	L3	M3	N3	O3	B4	C4	D4	E4	F4	G4	H4	I4	J4	K4	L4	M4	N4	O4	B5	C5	D5	E5	F5	G5	H5	I5	J5	K5	L5	M5	N5	O5	B6	C6	D6	E6	F6	G6	H6	I6	J6	K6	L6	M6	N6	O6	B7	C7	D7	E7	F7	G7	H7	I7	J7	K7	L7	M7	N7	O7	B8	C8	D8	E8	F8	G8	H8	I8	J8	K8	L8	M8	N8	O8	B9	C9	D9	E9	F9	G9	H9	I9	J9	K9	L9	M9	N9	O9	B10	C10	D10	E10	F10	G10	H10	I10	J10	K10	L10	M10	N10	O10	B11	C11	D11	E11	F11	G11	H11	I11	J11	K11	L11	M11	N11	O11	B12	C12	D12	E12	F12	G12	H12	I12	J12	K12	L12	M12	N12	O12	B13	C13	D13	E13	F13	G13	H13	I13	J13	K13	L13	M13	N13	O13	B14	C14	D14	E14	F14	G14	H14	I14	J14	K14	L14	M14	N14	O14	B15	C15	D15	E15	F15	G15	H15	I15	J15	K15	L15	M15	N15	O15	B16	C16	D16	E16	F16	G16	H16	I16	J16	K16	L16	M16	N16	O16	B17	C17	D17	E17	F17	G17	H17	I17	J17	K17	L17	M17	N17	O17	B18	C18	D18	E18	F18	G18	H18	I18	J18	K18	L18	M18	N18	O18	B19	C19	D19	E19	F19	G19	H19	I19	J19	K19	L19	M19	N19	O19	B20	C20	D20	E20	F20	G20	H20	I20	J20	K20	L20	M20	N20	O20	B21	C21	D21	E21	F21	G21	H21	I21	J21	K21	L21	M21	N21	O21	B22	C22	D22	E22	F22	G22	H22	I22	J22	K22	L22	M22	N22	O22	B23	C23	D23	E23	F23	G23	H23	I23	J23	K23	L23	M23	N23	O23
4/20/2016 1:00:00 PM	0	821	559	656	633	636	643	684	649	737	592	674	641	739	648	744	610	693	607	705	594	699	662	705	602	739	607	760	608	736	606	726	610	760	621	756	666	810	608	718	619	707	632	791	657	748	685	782	571	754	681	753	607	760	583	755	625	779	728	761	742	796	631	797	769	842	717	725	688	770	685	801	1049	839	791	854	773	898	793	885	714	792	747	770	784	874	728	840	792	872	785	843	770	880	697	731	776	829	761	788	715	810	741	818	811	791	794	858	682	750	754	851	753	837	817	905	805	853	755	896	773	895	775	836	744	809	799	907	855	948	823	793	827	825	860	890	744	799	793	770	709	944	940	997	862	864	852	829	884	891	804	827	767	871	698	909	869	974	898	896	789	799	933	897	826	900	893	910	714	917	902	901	800	824	762	814	830	892	812	845	821	850	680	802	820	885	799	838	815	818	763	817	780	851	721	746	636	732	796	771	813	848	774	760	895	853	736	765	799	789	656	849	747	823	812	819	841	801	818	830	804	797	795	780	716	787	812	827	864	829	827	863	876	891	791	790	768	765	724	785	806	867	812	707	750	845	776	795	759	774	785	748	687	821	786	853	768	722	734	814	833	776	735	748	794	722	721	813	753	763	770	741	749	762	733	820	680	787	745	720	744	829	700	728	767	700	673	699	689	809	660	772	707	709	721	786	729	678	669	688	652	655	729	701	630	645	701	711	709
4/20/2016 5:00:00 PM	4	729	553	610	606	565	606	633	601	658	574	636	597	657	628	724	601	629	594	637	567	662	610	660	579	695	588	713	529	714	578	662	595	715	609	687	606	759	583	650	603	682	668	777	613	719	669	714	572	683	633	734	637	684	584	751	610	759	687	730	743	739	586	757	673	769	651	676	624	688	663	782	1028	806	751	787	716	859	753	823	703	742	711	748	774	835	698	808	749	829	762	819	733	823	680	692	763	792	685	764	670	764	729	798	747	788	738	850	677	735	723	823	733	826	786	921	744	826	700	902	751	845	758	834	716	758	753	920	841	882	770	783	778	810	862	860	722	804	737	763	674	936	874	1001	822	878	777	799	818	875	803	863	734	866	697	889	863	958	852	861	763	794	877	862	832	876	823	865	720	890	913	893	767	829	753	789	835	848	766	813	784	741	663	763	783	887	794	827	795	772	771	825	752	790	716	686	599	707	758	803	806	791	759	705	850	828	758	733	758	752	640	797	729	785	772	775	814	806	765	794	777	778	729	742	678	726	782	816	848	810	851	842	863	829	751	734	723	713	699	720	797	811	772	691	775	820	777	750	780	764	736	687	653	778	740	781	738	678	716	735	823	731	706	702	730	680	667	798	684	700	737	708	686	724	673	772	674	754	682	699	676	736	638	676	691	672	619	661	640	719	611	688	640	703	683	797	662	650	594	627	608	590	640	646	597	609	615	674	671
4/20/2016 9:00:00 PM	8	765	587	625	670	599	649	684	647	705	649	675	614	688	672	756	628	702	663	695	589	698	651	680	586	745	686	763	612	783	623	738	629	735	648	730	673	819	653	709	675	723	703	828	659	768	716	780	601	746	681	776	683	711	628	802	658	790	731	763	781	755	637	786	791	801	729	708	685	737	699	840	1102	843	807	866	746	898	781	859	746	806	786	739	797	896	786	848	793	900	769	854	799	869	745	741	824	847	744	821	710	806	773	821	805	848	799	903	732	762	745	867	781	880	788	925	796	833	739	921	775	880	804	836	749	791	793	943	872	880	834	827	835	866	899	902	780	859	802	768	738	955	920	1031	829	868	836	838	891	926	826	888	745	889	731	941	879	984	893	896	783	833	941	896	870	929	883	886	783	935	954	928	803	852	792	835	885	906	812	849	800	834	703	807	808	941	849	829	877	793	792	842	799	841	753	735	655	750	804	787	825	853	779	793	898	881	792	771	794	790	664	823	762	840	833	804	843	806	799	838	828	804	793	790	719	780	806	832	858	829	884	877	905	857	790	756	745	772	757	764	782	825	803	720	783	833	849	793	817	799	747	742	723	807	737	833	761	710	746	780	845	768	745	756	778	746	702	831	734	740	782	833	735	753	741	813	754	747	732	736	717	800	718	745	754	708	685	718	696	783	657	742	704	735	735	831	662	676	644	666	666	633	717	695	657	667	680	713	754
4/21/2016 1:00:00 AM	12	795	606	671	705	622	694	754	716	752	687	727	696	757	724	779	683	745	705	746	630	758	710	750	677	786	725	818	656	827	672	789	685	792	695	793	758	870	682	746	742	761	699	845	705	770	762	839	668	763	717	798	730	760	692	817	727	820	808	782	811	788	653	827	830	834	793	766	730	768	745	878	1070	877	854	901	814	907	849	892	792	823	855	783	843	921	797	857	847	911	823	887	855	902	834	768	876	911	788	871	738	831	809	866	858	892	833	918	784	788	825	906	836	854	859	940	799	911	814	953	819	922	872	872	824	874	876	964	896	978	851	833	871	885	950	931	791	861	855	829	749	949	935	1033	879	897	846	868	925	951	836	906	805	932	800	946	886	1011	943	926	803	850	991	942	919	961	887	926	821	953	948	973	821	892	836	866	917	959	827	909	874	843	748	855	841	935	870	893	874	842	809	937	869	887	780	787	679	801	869	828	879	889	831	808	938	917	823	794	839	835	711	851	775	888	830	864	857	881	864	901	873	854	821	831	800	814	813	864	906	889	898	926	945	855	859	800	861	841	800	784	820	858	856	720	804	843	860	845	860	810	819	768	796	832	819	861	810	736	769	827	899	826	765	773	839	782	727	850	751	776	815	796	789	844	780	857	827	819	792	796	796	834	761	783	794	740	723	745	730	833	715	783	756	788	776	871	758	742	705	715	693	694	806	766	723	734	734	767	792
4/21/2016 5:00:00 AM	16	859	666	725	775	722	744	811	805	824	722	786	779	799	765	833	702	780	768	802	700	812	794	808	761	848	767	845	726	896	735	840	749	834	748	859	824	932	721	804	820	798	754	908	777	819	796	890	718	789	780	863	812	807	734	906	774	853	862	808	852	837	704	873	897	893	825	832	812	803	815	899	1115	888	900	912	901	946	910	903	818	880	879	844	927	941	846	887	865	959	841	926	905	979	900	830	905	939	829	852	762	875	857	887	927	905	880	979	820	828	846	970	903	914	873	1003	838	949	849	955	840	969	906	900	898	903	907	995	924	1027	861	902	944	919	1025	972	860	913	910	866	802	975	956	1071	868	919	868	930	955	946	864	915	841	986	834	957	910	1025	957	975	847	894	999	972	929	980	959	949	851	1001	979	1020	881	932	866	897	986	1010	874	975	921	929	817	904	924	1013	930	948	939	912	875	953	894	942	854	817	726	847	921	872	906	953	882	859	985	977	884	859	901	897	775	905	779	894	878	903	946	900	901	936	917	887	885	894	818	870	858	874	935	902	905	944	1008	930	890	852	869	880	833	836	882	920	883	771	879	891	900	888	899	890	890	852	835	887	843	914	813	787	814	861	917	848	823	838	906	835	772	905	814	836	866	820	843	859	830	930	918	864	876	852	868	879	834	824	862	790	783	825	772	906	743	842	795	825	823	883	792	795	752	731	740	706	877	839	758	820	769	822	834
4/21/2016 9:00:00 AM	20	954	731	828	861	851	822	939	886	929	807	865	878	931	830	943	813	874	882	911	772	927	892	936	873	930	883	955	806	983	835	927	833	934	844	973	886	1053	846	943	903	907	803	1012	881	959	919	955	808	934	870	968	915	948	854	979	834	969	964	923	960	923	793	1008	983	1010	968	933	919	928	876	1023	1255	1000	1017	1019	1008	1055	1028	1047	941	1002	1006	942	994	1069	943	1005	1004	1050	1009	1027	1058	1135	1015	916	1018	1008	941	998	855	1030	997	1037	1052	1014	998	1129	973	957	991	1076	1000	1005	989	1091	899	1066	982	1088	970	1080	999	1010	961	1046	988	1114	1046	1134	1002	1007	1040	1021	1164	1107	951	1052	968	943	882	1104	1090	1202	980	1024	939	1056	1088	1076	950	1041	954	1076	938	1119	1039	1167	1124	1110	959	1017	1147	1085	1062	1141	1056	1042	928	1135	1086	1178	990	1002	961	1019	1051	1147	978	1053	1026	1021	905	1034	1027	1124	1049	1088	1020	1051	1005	1065	996	1088	966	932	812	925	1048	1018	1042	1043	975	959	1113	1127	990	980	1038	1012	886	1028	912	1051	1054	1041	1035	1027	1003	1117	1080	1007	992	980	939	960	941	1033	1090	981	1021	1050	1140	1071	999	986	998	976	933	946	985	1014	991	907	960	1019	1046	995	1024	982	993	932	919	990	939	1053	912	861	915	974	1063	986	936	933	1016	969	900	1009	938	958	951	938	947	938	939	1038	964	983	998	975	952	975	904	931	959	906	914	941	935	1009	838	959	907	944	935	983	898	901	856	925	861	810	991	962	881	933	881	908	923
4/21/2016 1:05:00 PM	24.0833333333333	1265	958	1079	1115	1110	1103	1205	1160	1215	1057	1136	1157	1188	1087	1220	1068	1199	1180	1213	1040	1224	1165	1212	1144	1253	1199	1290	1068	1259	1069	1215	1147	1212	1105	1264	1237	1432	1123	1242	1198	1194	1072	1311	1122	1248	1157	1219	1053	1201	1180	1304	1218	1222	1152	1332	1063	1314	1249	1215	1248	1291	995	1313	1324	1328	1255	1266	1187	1224	1167	1347	1533	1306	1309	1314	1302	1377	1320	1418	1249	1328	1290	1220	1285	1377	1239	1327	1331	1410	1294	1378	1375	1460	1310	1232	1283	1307	1192	1306	1208	1287	1327	1349	1389	1356	1316	1462	1250	1274	1326	1451	1278	1369	1304	1465	1239	1405	1266	1416	1319	1445	1309	1289	1261	1361	1253	1431	1379	1498	1313	1298	1334	1366	1515	1434	1268	1368	1314	1263	1178	1459	1414	1521	1283	1364	1215	1366	1396	1447	1273	1386	1238	1436	1201	1429	1367	1531	1452	1428	1289	1324	1472	1472	1346	1436	1330	1377	1209	1442	1418	1505	1311	1354	1267	1369	1396	1464	1275	1420	1319	1343	1164	1346	1330	1547	1321	1391	1364	1368	1309	1429	1333	1435	1288	1254	1124	1258	1401	1318	1415	1391	1284	1261	1497	1453	1270	1311	1340	1370	1106	1367	1197	1385	1338	1346	1350	1370	1371	1473	1341	1323	1335	1311	1236	1274	1281	1277	1397	1320	1360	1402	1479	1407	1364	1295	1335	1340	1195	1253	1267	1327	1312	1218	1253	1341	1398	1352	1364	1346	1351	1279	1252	1323	1299	1396	1250	1157	1203	1312	1421	1313	1224	1235	1343	1277	1197	1351	1233	1195	1299	1209	1260	1257	1306	1375	1277	1335	1359	1284	1274	1290	1215	1265	1293	1202	1234	1249	1222	1346	1133	1246	1187	1270	1201	1347	1216	1204	1135	1180	1173	1077	1305	1290	1170	1238	1215	1184	1224
4/21/2016 5:05:00 PM	28.0833333333333	1539	1184	1348	1387	1379	1333	1437	1406	1479	1315	1435	1376	1419	1357	1514	1310	1405	1399	1486	1283	1420	1448	1520	1409	1506	1445	1536	1332	1556	1309	1476	1330	1465	1368	1523	1528	1671	1357	1520	1463	1418	1319	1567	1384	1458	1399	1469	1299	1406	1405	1570	1457	1466	1347	1571	1296	1598	1511	1487	1501	1514	1195	1590	1542	1632	1494	1536	1417	1472	1427	1574	1794	1538	1604	1573	1541	1653	1522	1663	1493	1542	1576	1470	1550	1651	1479	1547	1541	1682	1538	1638	1666	1769	1554	1445	1553	1596	1485	1580	1387	1544	1549	1543	1637	1562	1546	1805	1481	1524	1541	1706	1518	1576	1553	1723	1479	1619	1496	1631	1525	1699	1566	1561	1497	1627	1501	1677	1571	1795	1534	1591	1613	1613	1783	1724	1486	1607	1566	1512	1417	1747	1643	1763	1518	1620	1476	1659	1670	1671	1474	1608	1482	1672	1493	1680	1597	1764	1673	1713	1487	1619	1673	1718	1599	1726	1598	1662	1464	1733	1678	1789	1522	1595	1482	1605	1713	1750	1541	1712	1587	1652	1425	1600	1593	1755	1585	1681	1620	1666	1567	1670	1584	1720	1603	1538	1343	1478	1649	1556	1604	1673	1551	1478	1712	1765	1511	1566	1612	1586	1372	1598	1424	1586	1567	1618	1581	1625	1674	1746	1623	1569	1586	1606	1489	1552	1539	1524	1676	1573	1556	1642	1737	1664	1602	1567	1590	1562	1480	1490	1527	1586	1557	1467	1459	1542	1676	1649	1623	1604	1608	1562	1512	1525	1538	1640	1455	1344	1442	1544	1659	1626	1467	1524	1594	1533	1458	1598	1474	1502	1541	1473	1516	1522	1511	1683	1553	1579	1628	1597	1539	1527	1452	1482	1555	1466	1493	1532	1468	1630	1410	1527	1433	1394	1495	1604	1452	1406	1365	1430	1448	1297	1617	1561	1407	1496	1456	1436	1438
4/21/2016 9:05:00 PM	32.0833333333333	1892	1439	1605	1707	1600	1624	1723	1662	1777	1551	1705	1607	1740	1562	1813	1589	1726	1699	1822	1571	1686	1762	1772	1726	1845	1712	1855	1600	1895	1625	1791	1580	1780	1712	1844	1806	2037	1656	1867	1750	1761	1581	1926	1632	1813	1632	1726	1572	1767	1739	1887	1722	1771	1649	1900	1572	1843	1805	1797	1843	1879	1548	1918	1933	1919	1762	1791	1704	1792	1713	1874	2093	1846	1895	1940	1881	2072	1938	2052	1820	1849	1891	1758	1868	2025	1817	1882	1911	2004	1872	1995	2023	2166	1938	1805	1868	1926	1777	1883	1741	1868	1919	1912	1986	1937	1874	2161	1822	1872	1865	2032	1858	1941	1880	2081	1783	2022	1803	2033	1885	2059	1852	1898	1791	1999	1809	2045	1965	2176	1893	1922	1899	1971	2166	2142	1822	1986	1940	1793	1680	2057	1974	2168	1826	1978	1803	2008	2042	2096	1818	1946	1835	2056	1775	2045	1963	2195	2099	2080	1884	1957	2062	2126	1988	2058	1962	2020	1787	2077	2054	2165	1904	1931	1878	1945	2103	2127	1848	2069	1908	1990	1696	1987	1938	2145	1969	2035	2010	2050	1917	2076	1932	2092	1901	1875	1646	1830	2061	1851	1982	2038	1847	1814	2101	2208	1875	1868	1986	1963	1658	1952	1799	1984	1979	2001	1960	2095	2011	2094	1998	1867	1886	1924	1823	1905	1889	1880	2066	1919	1940	2058	2174	2071	1911	1924	1917	1869	1823	1837	1890	1913	1879	1807	1790	1951	2087	2044	2037	1919	1945	1909	1829	1923	1835	1971	1787	1679	1809	1885	2076	1959	1785	1876	1990	1886	1806	1956	1857	1800	1905	1771	1861	1888	1898	2106	1929	1975	2022	1931	1839	1859	1908	1834	1908	1817	1858	1869	1854	1970	1740	1855	1730	1719	1733	1928	1752	1746	1649	1768	1729	1575	1958	1883	1724	1785	1761	1710	1718
4/22/2016 1:05:00 AM	36.0833333333333	2370	1854	2033	2163	2032	2059	2145	2128	2258	1944	2120	2123	2164	1967	2273	2050	2262	2241	2294	2007	2232	2208	2302	2175	2306	2193	2359	2065	2396	2125	2311	2088	2297	2125	2329	2402	2618	2118	2407	2266	2225	2078	2452	2146	2302	2130	2249	1998	2256	2208	2437	2273	2285	2181	2460	2033	2398	2369	2277	2299	2335	1968	2447	2458	2464	2341	2400	2178	2298	2157	2364	2567	2404	2430	2450	2439	2619	2471	2655	2358	2460	2376	2285	2355	2486	2230	2412	2444	2630	2396	2539	2662	2751	2444	2360	2424	2411	2231	2449	2240	2406	2456	2437	2576	2572	2473	2802	2333	2389	2445	2585	2366	2460	2382	2681	2235	2629	2306	2631	2475	2638	2355	2453	2315	2565	2287	2663	2460	2831	2461	2462	2483	2524	2715	2807	2373	2539	2525	2310	2188	2700	2520	2843	2385	2590	2319	2604	2595	2701	2312	2499	2347	2613	2318	2596	2573	2808	2664	2684	2403	2595	2614	2731	2465	2644	2535	2587	2291	2632	2659	2799	2466	2437	2361	2517	2612	2779	2389	2693	2394	2525	2200	2583	2480	2823	2529	2592	2619	2684	2462	2698	2537	2720	2411	2479	2200	2363	2657	2434	2584	2555	2364	2341	2686	2792	2394	2431	2524	2485	2084	2520	2378	2550	2503	2597	2476	2565	2568	2710	2548	2393	2486	2493	2373	2409	2416	2457	2683	2431	2492	2604	2808	2696	2551	2424	2449	2438	2209	2364	2412	2480	2499	2323	2325	2486	2699	2593	2557	2528	2498	2464	2357	2485	2396	2595	2296	2105	2291	2480	2652	2553	2320	2362	2541	2396	2262	2561	2310	2325	2479	2339	2388	2364	2408	2637	2409	2504	2583	2456	2343	2393	2410	2352	2439	2290	2299	2362	2368	2597	2200	2443	2354	2157	2236	2479	2306	2235	2143	2233	2220	2020	2556	2372	2185	2333	2368	2170	2127
4/22/2016 5:05:00 AM	40.0833333333333	2820	2274	2457	2641	2482	2430	2572	2451	2675	2414	2571	2495	2626	2357	2767	2453	2716	2667	2717	2397	2668	2664	2775	2617	2827	2592	2810	2472	2941	2573	2757	2507	2768	2562	2793	2858	3129	2566	2843	2732	2654	2515	2865	2592	2734	2563	2681	2406	2762	2625	2859	2716	2776	2537	2946	2404	2879	2891	2727	2723	2799	2352	2910	2927	2989	2721	2863	2589	2701	2604	2920	3032	2847	2852	2889	2856	3095	2884	3051	2770	2901	2863	2702	2871	3026	2693	2842	2898	3153	2850	2971	3126	3242	2908	2784	2859	2923	2639	2892	2634	2881	2902	2857	3035	3008	2840	3282	2816	2845	2849	3046	2810	2920	2822	3143	2686	3021	2735	3101	2858	3117	2786	2875	2771	2974	2842	3145	2972	3290	2921	2917	2913	3000	3259	3259	2764	3008	3027	2769	2686	3259	3048	3317	2796	3030	2740	3099	3084	3176	2769	2958	2776	3072	2739	3050	2984	3305	3163	3152	2877	3051	3096	3226	2937	3169	2950	3102	2607	3181	3124	3261	2899	2916	2823	2975	3178	3258	2777	3173	2880	3099	2621	3010	2982	3280	3040	3091	3070	3158	2968	3189	2923	3213	2913	2873	2604	2845	3143	2847	3053	3116	2767	2760	3124	3307	2866	2920	3032	2958	2482	2985	2772	3008	2961	3040	2906	3045	3051	3196	3031	2918	2932	2930	2736	2897	2895	2884	3112	2875	2944	3108	3226	3188	2938	2916	2920	2859	2775	2838	2875	2984	2863	2757	2731	2955	3192	3088	3124	2991	2995	2947	2738	2864	2879	3071	2725	2525	2706	2896	3089	3010	2750	2836	2998	2863	2680	2977	2762	2778	2909	2773	2837	2839	2871	3195	2880	2959	3077	2945	2771	2817	2938	2758	2874	2800	2774	2729	2800	3068	2708	2904	2819	2801	2728	2964	2804	2626	2481	2719	2645	2449	2995	2840	2599	2787	2766	2607	2525
4/22/2016 9:05:00 AM	44.0833333333333	3397	2728	3018	3129	2990	2892	2987	2930	3201	2857	3063	3044	3132	2792	3329	3037	3401	3300	3376	2981	3247	3217	3464	3247	3425	3195	3424	2985	3671	3129	3425	3128	3378	3146	3453	3541	3784	3136	3488	3381	3294	2963	3618	3106	3460	3153	3309	2976	3435	3312	3589	3312	3482	3173	3582	2908	3456	3556	3402	3454	3550	2949	3624	3634	3627	3382	3487	3241	3334	3157	3451	3679	3490	3531	3579	3515	3802	3649	3833	3331	3595	3486	3233	3442	3701	3443	3547	3652	3882	3581	3771	3826	4063	3543	3471	3515	3542	3214	3592	3290	3527	3656	3578	3805	3741	3568	3997	3479	3436	3566	3821	3369	3632	3622	3961	3268	3838	3393	3787	3629	3828	3449	3547	3298	3696	3361	3903	3630	4169	3681	3604	3618	3756	4024	4032	3509	3755	3773	3394	3163	3950	3810	4166	3484	3832	3432	3877	3870	4019	3467	3769	3485	3767	3317	3784	3741	4160	3998	3965	3602	3759	3870	4124	3651	3956	3668	3784	3231	3891	3929	4154	3609	3602	3590	3703	3940	4136	3470	3927	3606	3797	3201	3773	3719	4077	3821	3914	3862	3857	3695	4032	3707	3976	3578	3537	3116	3499	3917	3593	3835	3881	3518	3470	3942	4166	3654	3610	3688	3702	3058	3719	3480	3790	3775	3870	3695	3878	3785	3999	3740	3514	3701	3603	3315	3591	3637	3708	3907	3650	3774	3848	4128	3957	3694	3549	3528	3530	3378	3533	3526	3707	3582	3476	3438	3699	4026	3898	3815	3657	3726	3647	3410	3572	3567	3795	3395	3161	3368	3655	3938	3724	3435	3490	3756	3571	3210	3708	3495	3452	3628	3535	3589	3516	3630	4030	3577	3679	3873	3593	3360	3527	3579	3431	3558	3464	3439	3389	3491	3817	3340	3620	3457	3459	3246	3485	3352	3270	3115	3331	3231	2939	3661	3533	3174	3403	3410	3156	2930
4/22/2016 1:05:00 PM	48.0833333333333	4056	3388	3760	3873	3646	3594	3605	3600	3878	3480	3759	3774	3846	3391	4173	3877	4235	4146	4250	3671	4131	4035	4282	4060	4281	3806	4037	3714	4612	4049	4294	3869	4273	3948	4255	4457	4870	4171	4455	4322	4106	3757	4112	3972	4325	3940	4028	3770	4271	4198	4600	4227	4280	3983	4436	3483	4408	4290	4298	4317	4389	3765	4517	4595	4561	4169	4226	3992	4208	3915	3943	4569	4432	4540	4604	4494	4703	4683	4867	4316	4463	4317	4114	4093	4571	4295	4485	4737	4848	4515	4505	4842	5043	4471	4370	4386	4516	3988	4555	4091	4342	4642	4528	5004	4709	4554	5077	4274	4234	4387	4567	4153	4465	4553	4961	4139	4789	4272	4739	4598	4843	4273	4510	4232	4636	4161	4932	4592	5204	4629	4530	4654	4734	5091	5099	4002	4732	4912	4227	3923	5094	4397	5320	4488	4859	4312	4879	4777	5254	4476	4844	4351	4853	4179	4754	4745	5382	4914	4514	4496	4825	4859	5125	4575	5039	4631	4926	4122	4866	4935	5206	4847	4621	4462	4754	4910	5313	4395	4939	4524	4725	3988	4758	4235	5149	4739	4931	4837	4916	4678	5054	4464	5073	4365	4562	3900	4334	4963	4101	4916	4838	4425	4306	5058	5151	4517	4183	4651	4612	3687	4674	4342	4683	4828	4875	4579	4792	4819	5002	4706	4434	4734	4572	4124	4501	4580	4721	4567	4542	4711	4833	5167	5092	4547	4472	4491	4494	4172	4236	4561	4705	4700	4350	4338	4645	4971	4799	4692	4596	4675	4721	4395	4562	4430	4794	4088	3906	4228	4488	4875	4674	4055	4139	4682	4290	3978	4192	4354	4076	4637	4423	4514	4331	4619	5017	4497	4607	4870	4470	4174	4245	4561	4289	4469	4426	4258	4159	4092	4858	4180	4500	4344	4460	4009	3887	4163	3972	3832	4069	4016	3803	4592	4372	3843	4115	4321	3988	3522
4/22/2016 5:05:00 PM	52.0833333333333	3988	4203	4719	4491	4337	4426	4312	4234	4552	4428	4494	4499	4550	4035	4958	4768	5051	4814	5218	4052	4955	4842	5114	4908	4851	3716	4788	4390	5406	4973	4767	4044	5085	4582	5134	5297	5068	5104	5370	5138	4909	4640	4791	4725	5133	4675	4643	4369	5083	5049	5781	4927	5020	4154	5299	4236	5419	4169	5111	5169	5102	4493	5413	5469	4688	4821	4111	4562	4966	4832	4662	5355	5241	5602	5609	5406	5793	5439	5601	5112	5222	5158	4744	4644	5331	4979	5348	5745	5790	5336	5033	5638	6030	5250	5195	5182	5465	4685	5349	4801	5201	5498	5348	5895	5496	5487	6103	5117	5011	4638	4453	4407	5227	5604	6023	4956	5825	5231	5593	5535	5610	4999	5296	4944	4753	4973	5997	5476	6174	5404	5418	5437	5642	6044	5984	4727	5492	5894	5068	4682	6205	4284	6127	5214	5801	5080	5778	5679	6431	5458	5840	5234	5751	4934	5520	5594	6381	5125	5279	5411	5656	5652	6114	5267	5933	5439	5929	4916	5050	5763	6098	5742	5415	5298	5583	5736	6389	5236	5840	5561	5716	4746	5593	5051	6129	5602	5816	5810	5701	5473	5835	4377	6025	4534	5166	4849	4818	5870	4806	5682	5832	5512	5095	6195	6186	5326	4974	5495	5444	4138	5386	5152	5603	5682	5731	5408	5667	5730	5991	5611	5059	5852	5709	4817	5295	5611	5401	5285	4683	5556	5910	6048	6254	5385	5360	5336	5261	4919	4098	5380	5469	5424	5165	5109	5427	5842	5786	5679	5393	5446	5641	5196	5276	5251	5606	3982	4026	4779	5224	5756	5616	3993	4036	5547	4559	4710	4962	5021	3936	5382	5208	5302	4992	5336	5851	5180	5564	5787	5337	4888	4165	5390	5016	5321	5549	4955	5018	3971	6015	5026	5347	5249	5369	4789	4654	4990	4707	4490	4192	4758	4525	5423	5125	4615	4332	5252	4806	4279
4/22/2016 9:05:00 PM	56.0833333333333	3803	5000	5653	5200	5182	5182	5028	4944	5268	5108	5408	5237	5595	4644	5751	5902	6019	5168	6463	4497	5982	5402	6248	6069	5401	3511	5352	5368	6512	6054	5093	4425	6230	5113	6108	6537	5182	5627	6627	6175	5947	5470	5832	5805	6162	5710	5327	4688	6257	6391	6937	6021	6329	4290	6483	5120	6216	3974	6226	6476	5632	5632	6870	6704	4844	5925	3906	5007	6134	5810	5627	6521	6425	6811	6957	6622	7175	6830	6725	6408	6332	6302	5365	5077	5803	5426	6668	7033	7165	6545	5874	6736	7506	5818	6436	6290	6636	5659	6052	5992	6374	6880	6780	6685	6098	6833	7444	6402	6026	4982	4262	4593	6461	6993	7474	6152	7257	6504	6980	6868	6674	6150	6427	5878	4872	5986	7293	6846	7607	6769	6746	6675	7028	7373	7475	5749	6908	6812	6256	5270	7342	4020	7647	6506	7340	6404	7087	7086	7491	6290	6650	6402	7189	5993	6613	6731	7085	5252	6536	6805	6237	6599	7620	5981	7452	6956	6752	6042	5249	6690	7700	6498	6547	6313	6337	6950	7183	6556	7301	6772	6960	5683	6920	6243	7576	7008	7208	7254	6862	6800	7378	4141	7445	4574	5965	5920	5174	7164	5975	6758	7182	6423	6237	7535	7564	6674	6103	6802	6036	4659	6547	6403	7049	7163	7088	6464	7077	6931	7377	7006	5818	7088	7037	5912	6494	6999	6394	6434	4788	7038	7446	6668	6988	6630	6662	6448	6388	6019	3934	6207	6481	6795	6580	6338	6618	7289	7230	7034	6015	6807	6327	5752	6350	5751	6873	3778	4140	5447	6310	7187	6926	3773	3878	6878	5051	5750	5958	6112	3738	6305	6353	6032	6255	6699	6754	6172	6905	7034	6513	5815	3952	6443	6253	6627	6666	6169	6040	3798	7319	5860	6470	6439	6611	5741	5226	5974	5472	5546	4509	5407	5444	6472	5715	5720	4534	6277	5750	5048
4/23/2016 1:05:00 AM	60.0833333333333	3747	5830	6517	6128	6196	5872	5863	5780	5982	5808	6433	6241	6755	5205	6422	7108	6734	5533	7839	4780	7409	5627	7025	7460	5801	3503	5767	6297	7331	7236	5541	5202	7451	5541	7404	7934	5373	6350	8103	7515	6974	6318	6671	7050	6817	7000	5859	5004	7704	7767	7879	6805	7750	4460	8023	6062	6977	4014	7577	7816	6077	6868	8520	8122	4929	6900	3860	5408	7368	6933	6295	7473	7886	8005	8076	7906	8483	8257	8091	7898	7440	7686	6262	5403	6233	5826	7949	7890	8813	7817	6336	7531	9046	6266	7892	7667	8121	6756	7185	7384	7882	8356	8226	7299	6552	7967	9030	7633	7039	5821	4239	4723	7697	8412	8622	7523	8550	7829	8659	8049	8041	7620	7879	7028	5088	7142	8518	8371	9244	8228	8267	8193	8529	8823	9292	6698	8467	7518	7576	6206	8261	4081	9307	8070	8845	7790	8523	8595	8420	7074	7324	7731	8867	7068	7640	7490	7853	5379	7448	8119	6610	7827	9307	6918	9052	8584	7482	6973	5447	8001	9331	7149	8053	7051	7639	8437	8065	7983	8884	7917	8579	6383	8348	7006	9254	8526	8802	8393	7764	8411	9056	4185	9150	4659	6830	7156	5565	8669	6864	7535	8545	7115	7617	8426	9195	8045	7013	8355	6326	4935	7406	7653	8559	8615	8702	7240	8622	8335	8900	8499	6767	8365	8082	7345	7433	8195	7128	7273	4877	8567	8839	6947	7707	7985	8095	7242	7103	7199	3829	7013	7856	8377	8156	7824	7899	8798	8665	8438	6379	8341	7022	6250	7858	5962	7708	3828	4295	6276	7321	8662	8346	3815	3903	8414	5930	6849	6758	7306	3719	7023	7513	7182	7770	8117	8117	7293	8323	8664	8001	7020	3898	7774	7717	8131	7533	7790	7388	3734	8482	7170	7216	7815	7891	6991	5841	7268	6294	6726	4882	6292	6628	7858	6213	6815	5010	7538	6493	5876
4/23/2016 5:05:00 AM	64.0833333333333	3754	6266	7004	6862	7131	6222	6538	6552	6715	6230	7361	7174	7709	5403	6653	7924	6994	5760	8610	5209	8563	5718	7199	8524	6390	3532	5892	7259	7601	7717	5911	6521	8124	5887	8338	9092	5475	6653	9334	8580	7734	6703	6897	7906	7078	7844	5965	5252	8924	8572	8330	7045	8825	4690	9180	6941	7402	4137	8574	8831	6232	7789	9664	9342	5221	7367	3927	5828	8239	7674	6537	7943	9034	8559	8733	8377	8992	9343	9026	9063	7967	8702	7143	5480	6450	6088	8645	8252	10086	8575	6436	7749	10373	6637	9073	8832	9399	7924	8228	8561	9069	9502	9377	7636	6912	8365	10274	8710	7507	7000	4471	5000	8573	9216	9155	8631	9184	8601	9863	8496	9084	8548	9160	7946	5237	8131	9211	9458	10306	9350	9382	9333	9803	9917	10409	6978	9658	7907	8685	7071	8747	4203	10607	9026	10101	8898	9424	9765	8916	7485	7723	8942	9961	8275	7999	7702	8361	5580	7717	9310	7035	8605	10571	7656	10358	9734	7835	7475	5736	8667	10533	7508	9114	7202	8542	9293	8454	9264	10006	8514	9874	6701	9476	7197	10471	9630	9728	8702	8042	9508	10113	4393	10230	4815	7622	8091	6135	9642	7250	7859	9510	7484	8708	8838	10250	9120	7356	9463	6398	5057	7652	8385	9771	9622	9955	7454	9647	9427	10062	9772	7556	8858	8766	8477	7848	8766	7438	7631	5052	9645	9705	7026	8011	8970	9434	7475	7428	8239	3947	7288	8773	9462	9242	8845	8662	10024	9861	9607	6345	9388	7344	6556	8793	6022	7972	4093	4351	6977	7893	9866	9357	3910	3996	9543	7302	7975	7093	8114	3790	7315	8133	8124	8787	9263	8911	8262	9509	9840	9285	7876	4030	8638	8761	9282	7925	8770	8537	3730	9140	8024	7544	8816	8510	8080	6070	8389	6678	7701	5688	7124	7786	8952	6427	7871	5825	8299	6912	6657
4/23/2016 9:05:00 AM	68.0833333333333	3813	6507	7224	7461	7842	6378	7123	7217	7161	6436	8170	7958	8448	5475	6721	8351	7098	5824	8961	5538	9633	5652	7359	9746	6838	3693	5900	8156	7694	7906	6291	7345	8925	6113	9142	10165	5554	6781	10588	9323	8437	6923	6879	8511	7052	8682	6049	5287	10191	8964	8476	7154	10090	4826	10293	7820	7620	4490	9107	10051	6307	8854	11020	10508	5371	7697	4021	6277	9030	8154	6533	8220	10116	8720	8939	8573	9229	10561	9559	9852	8383	9860	7726	5527	6427	6115	8824	8502	11185	9369	6503	7826	11577	6757	10531	9663	10547	8814	8758	9860	10445	10869	10792	7880	7174	8618	11508	9907	7950	7951	4765	5177	9215	9756	9302	9747	9316	9050	11197	8685	9624	9741	10069	8408	5393	8952	9360	10362	11417	10700	10492	10427	11049	10890	11417	7211	10931	8113	9924	7597	8866	4290	11738	10300	11047	10209	10175	11092	9030	7651	8015	10116	10830	9022	8228	7823	8597	5727	7819	10122	7369	9136	11908	8173	11654	10934	8024	7637	5916	9326	11709	7687	9933	7303	8915	9981	8720	10463	11287	8588	11036	6794	10602	7346	11568	10916	10699	8884	8067	10346	11460	4850	11660	5016	8243	8454	6590	10470	7440	7932	10180	7683	9945	9053	11613	10538	7639	10864	6294	5112	7735	8837	11072	10897	10957	7458	10685	10472	11157	11092	8095	9035	9055	9226	8175	8933	7538	7763	5240	10991	10245	6974	8300	9882	10827	7628	7596	9325	4120	7352	9168	10529	10334	10042	9608	11426	10765	10755	6289	10671	7502	6761	9635	6051	8239	4435	4474	7483	8220	10858	10371	4130	4144	10958	8030	8881	7210	8621	3889	7357	8923	8569	9531	10616	9383	8708	10831	10796	10450	8639	4326	9284	9997	10394	8121	9406	9344	3910	9250	8757	7675	10265	8895	8919	6135	9204	6893	8725	6728	7748	8747	9920	6650	8895	6629	8620	7059	7429
4/23/2016 1:05:00 PM	72.0833333333333	3943	6540	7345	7738	8512	6552	7620	7698	7520	6609	8841	8731	9142	5498	6789	8734	7121	5823	9067	5932	10680	5613	7410	10846	7228	3839	5939	8849	7813	8067	6575	7580	9586	6182	9983	11327	5642	6877	11597	10133	9081	6976	7011	9240	7155	9546	6029	5295	11190	9169	8632	7256	11413	4998	11575	8774	7715	4791	9688	10992	6274	9820	12086	11705	5679	8013	4225	6643	9985	8410	6611	8652	11247	8855	9071	8696	9351	11938	10019	10638	8833	11064	8031	5553	6403	6056	8829	8739	12517	9960	6470	7947	12711	6902	11842	10588	11733	9675	8958	11160	11724	12063	12179	7937	7250	8740	12729	11149	8292	8175	4995	5312	9799	10010	9356	10956	9330	9326	12574	8784	9976	10966	11049	8807	5527	9815	9523	11062	12440	11962	11697	11563	12394	11883	12251	7464	12232	8229	11160	7858	9034	4283	13057	11703	11778	11442	10763	12325	9170	7748	8095	11390	11498	9853	8503	7842	8640	5895	7967	11005	7448	9487	13202	8545	12849	12221	8201	7769	6055	9621	12961	7799	10789	7428	9085	10657	8819	11647	12388	8772	12159	6877	11577	7366	13011	12053	11681	8889	8121	11206	12854	5032	12806	5159	8486	8783	6914	11343	7661	7941	10697	7659	11126	9200	12748	11719	7968	12171	6335	5078	7691	9401	12347	11928	11936	7547	11605	11552	12275	12375	8335	9145	9138	9723	8549	8923	7612	7821	5413	12133	10562	6842	8434	10948	12096	7748	7767	10448	4206	7358	9588	11639	11390	11431	10306	12657	11685	11997	6123	11931	7663	6790	10420	5912	8644	4697	4540	7792	8600	11943	11280	4256	4275	12250	8308	9955	7374	9000	4082	7450	9632	8733	10321	11950	9917	8838	12173	11864	11629	9359	4548	9888	11234	11577	6929	9938	10283	4113	9458	9499	7725	11407	8982	9686	6201	10035	7119	9660	6979	7982	9792	10907	6740	9848	7001	8776	7207	8059
4/23/2016 5:05:00 PM	76.0833333333333	3924	6512	7499	8135	9076	6638	8076	8089	7687	6671	9403	9476	9684	5562	6796	9056	7156	5783	9183	6219	11659	5488	7407	11766	7461	3728	5874	9497	7915	8032	6836	7484	10023	6222	10613	12105	5681	6921	12527	10875	9492	6977	7118	9855	7110	10111	5970	5301	12249	9366	8777	7414	12358	5156	12591	9448	7807	4781	10233	11680	6316	10709	13106	12769	5774	8249	4155	7044	10862	8742	6622	9283	12154	8862	9056	8701	8968	12972	10400	11161	9156	11935	8307	5521	6394	6049	8916	8874	13436	10627	6452	7934	13786	6986	12897	11578	12635	10433	9057	12130	12671	12973	13124	8000	7149	8580	13658	11947	8661	8235	5007	5544	10297	10412	9317	11832	9533	9434	13608	8843	10329	12017	11912	9333	5636	10467	9630	11572	13362	12908	12500	12741	13327	12700	12619	7676	13312	8251	12192	8152	9151	4322	13896	12727	12273	12527	11299	13343	9309	7914	8158	12225	11998	10562	8746	7773	8629	5986	8018	11503	7435	9753	14348	8699	13875	13109	8208	7683	6207	9834	13822	7889	11573	7287	9231	11188	8746	12430	13368	8741	13154	6967	12505	7434	14069	12997	12433	8967	8058	11718	13860	4987	13746	5215	8764	9118	7174	11949	7839	7987	11360	7793	12039	9289	13787	12712	8161	13095	6208	5057	7656	9946	13157	12685	12899	7558	12433	12409	13013	13417	8603	9118	9358	10090	8934	8931	7567	7936	5335	13041	11036	6804	8456	11842	13149	7919	7931	11337	4146	7392	9949	12605	12282	12398	10775	13741	12489	12946	6023	12796	7756	6832	11061	5878	9030	4659	4535	7949	8932	12774	11998	4178	4241	13268	8375	10801	7545	9414	4094	7437	10398	8931	10743	13011	10254	9097	13239	12705	12576	9927	4603	10308	12155	12415	8382	10504	11056	4079	9397	10025	7814	12373	9212	10285	6318	10794	7290	10429	7245	8113	10585	11733	6728	10668	7101	8888	7309	8478
4/23/2016 9:05:00 PM	80.0833333333333	3891	6491	7655	8410	9600	6779	8392	8542	7793	6855	9935	10059	9988	5638	6811	9376	7152	5765	9247	6417	12364	5403	7447	12485	7678	3571	5844	10072	8149	8064	6851	7386	10447	6197	11083	12916	5641	6849	13195	11505	9882	7024	7085	10477	7085	10569	5971	5271	13054	9514	8938	7533	13066	5375	13393	10123	7839	4631	10790	12332	6276	11339	13787	13603	5933	8502	4077	7260	11532	9010	6749	9789	12731	8733	8972	8609	9256	13758	10788	11596	9534	12805	8526	5473	6332	6025	8877	9013	14235	10977	6382	8008	14554	6968	13782	12336	13383	11069	9128	12827	13565	13793	13898	7972	7152	8704	14471	12832	8961	8145	4792	5580	10668	10845	9204	12561	9441	9690	14389	8813	10748	12910	12643	9729	5601	11109	9790	11883	13999	13712	13299	13588	14158	13238	13133	7874	14098	8386	12928	8287	9207	4160	14716	13514	12645	13278	11842	14152	9291	7952	8180	12975	12243	11135	9089	7722	8761	6279	8115	11955	7445	9917	15060	8965	14703	13718	8239	7569	6283	10014	14492	7908	12140	7327	9358	11755	8796	13106	13956	8702	13927	7208	13193	7465	14648	13699	13077	8926	8094	12184	14577	4817	14646	5122	8977	9498	7370	12652	8053	7908	12030	7898	12776	9467	14502	13500	8442	14015	6095	5053	7707	10475	13871	13277	13665	7494	13189	13139	13624	14272	8844	9031	9569	10341	9318	8947	7589	8004	5342	13729	11448	6646	8546	12360	13946	8048	7992	12006	4077	7356	10361	13251	12965	13240	11279	14395	13120	13593	5837	13635	7756	6795	11596	5761	9479	4561	4552	8197	9185	13400	12801	4040	4129	14103	8373	11500	7731	9780	3988	7453	11078	9138	11221	13882	10552	9273	13893	13411	13299	10358	4385	10766	12921	13064	8502	10880	11797	3921	9372	10456	7866	13144	9190	10705	6365	11231	7525	11149	7216	8183	11329	12422	6783	11405	7160	8935	7125	8830
4/24/2016 1:05:00 AM	84.0833333333333	3874	6456	7874	8723	9982	6867	8614	8850	7933	6947	10377	10663	10385	5580	6771	9770	7022	5724	9359	6525	12970	5375	7525	13124	7684	3480	5868	10626	8423	7986	7044	7125	10766	6269	11474	13673	5649	6973	13691	12051	10234	6962	7093	11059	7073	10881	5922	5227	13738	9725	9105	7787	13763	5515	14078	10699	7850	4449	11303	12937	6210	12011	14334	14288	6034	8756	3906	7428	12190	9405	6739	10186	13480	8711	9100	8587	9155	14476	11187	11973	9860	13460	8700	5437	6291	5988	8968	9056	14956	11466	6331	8137	15157	6915	14528	13029	14033	11602	9287	13497	14387	14592	14578	7959	7192	8598	15150	13547	9246	8030	4631	5707	11105	11281	9153	13298	9516	9787	15195	8723	11052	13502	13314	10031	5657	11658	10058	12241	14717	14477	14013	14354	14856	13885	13298	8116	14752	8283	13740	8415	9332	4026	15124	14134	12921	14010	12228	14912	9364	7968	8220	13773	12596	11743	9486	7634	8732	6332	8149	12315	7446	10131	15877	9157	15394	14331	8238	7560	6266	10241	15057	7999	12554	7245	9567	12237	8870	13801	14588	8696	14593	7307	13711	7478	15289	14326	13546	8809	7997	12477	15388	4633	15362	5135	9253	9919	7396	13086	8218	7922	12519	7900	13456	9545	15104	14348	8686	14862	5993	5018	7769	10957	14462	13819	14372	7520	13783	13652	14138	14955	9072	9058	9781	10560	9680	8877	7506	8035	5282	14392	11872	6484	8583	13026	14759	8096	8127	12565	3953	7356	10647	13831	13584	13868	11676	15117	13592	14377	5764	14281	7747	6793	12091	5648	9819	4355	4556	8370	9443	14054	13239	3940	3972	14900	8150	12101	7933	10085	3812	7447	11563	9361	11358	14595	10745	9568	14707	13876	13901	10869	4308	11031	13618	13699	8655	10981	12259	3823	9342	10847	8000	13786	9460	11056	6420	11792	7773	11654	7090	8381	11798	13001	6785	12053	7125	9025	7167	9017
4/24/2016 5:05:00 AM	88.0833333333333	3783	6333	8030	8969	10316	7089	8810	9051	7941	7252	10755	11153	10739	5603	6702	10292	6986	5746	9629	6628	13500	5346	7529	13655	7769	3320	5828	10985	8664	8114	7071	6965	11206	6261	11918	14313	5579	6963	14268	12494	10627	6890	7112	11627	6999	11243	5852	5245	14377	9997	9247	8010	14463	5554	14738	11244	7933	4218	11805	13339	6204	12735	14968	14979	6056	9124	3781	7574	12725	9958	6798	10521	14142	8698	9094	8535	9086	15178	11487	12395	10181	14125	8985	5371	6250	5941	8976	9297	15663	11872	6289	8230	15698	6905	15116	13792	14566	12200	9566	14130	15043	15030	15250	8023	7114	8593	15888	14239	9660	7767	4464	5780	11612	11910	9170	13758	9599	10110	15865	8731	11454	14218	14044	10329	5583	12134	10275	12679	15269	15121	14648	15106	15386	14431	13629	8328	15364	8474	14468	8539	9530	3927	15612	14719	13441	14658	12648	15572	9381	7973	8177	14396	12999	12112	9846	7632	8760	6270	8223	12830	7347	10336	16599	9360	16012	15037	8204	7546	6351	10393	15672	7872	12999	7188	9807	12822	8870	14327	15088	8649	15290	7500	14322	7469	15868	14973	14161	8864	7989	12745	16097	4397	15989	5190	9415	10512	7411	13680	8454	7859	12971	8011	14211	9741	15778	14864	8973	15506	5870	4972	7736	11392	15207	14368	15082	7464	14457	14293	14542	15561	9138	9018	10186	10778	10081	8791	7470	8083	5230	15016	12569	6469	8552	13624	15451	8330	8230	13229	3720	7322	10887	14424	14333	14725	12062	15835	14196	14911	5647	14956	7714	6809	12486	5608	10165	4242	4455	8635	9802	14640	13776	3811	3790	15564	7976	12686	8037	10512	3704	7326	12105	9692	11758	15321	11000	9815	15385	14688	14590	11216	4215	11437	14147	14225	8762	11316	12812	3744	9398	11120	8061	14639	9636	11469	6494	12095	7978	12229	6992	8505	12436	13629	6790	12626	6801	9268	7224	9248
4/24/2016 9:05:00 AM	92.0833333333333	3750	6270	8322	9320	10564	7199	8901	9302	8001	7426	11189	11743	11195	5606	6657	10926	6979	5650	9917	6653	14123	5255	7650	14162	7794	3258	5741	11434	8943	8136	7143	6751	11629	6230	12420	14849	5531	6860	14826	13134	11029	6899	7106	12084	7018	11731	5818	5210	14924	10437	9349	8132	15141	5582	15305	11782	7904	3986	12321	13887	6188	13399	15526	15526	6152	9383	3673	7631	13303	10580	6739	10908	14566	8555	9173	8559	9133	15820	11945	12843	10564	14840	9175	5318	6165	5896	9084	9406	16424	12492	6090	8425	16213	6881	15766	14530	15187	12816	9965	14641	15604	15657	15857	8046	7092	8548	16456	14895	10028	7555	4391	5759	12021	12490	9036	14427	9787	10579	16293	8593	11730	14700	14738	10681	5534	12626	10678	13235	15818	15824	15309	15904	15782	14888	13791	8525	16008	8482	15202	8770	9677	3724	16180	15408	13914	15195	13027	16242	9529	8058	8253	14942	13552	12607	10220	7507	8773	6372	8138	13313	7280	10608	17198	9508	16634	15583	8287	7333	6296	10716	16145	7949	13570	7094	10144	13232	8891	14930	15641	8631	15840	7652	14768	7426	16443	15524	14675	8762	8012	12946	16601	4255	16614	5092	9601	11022	7495	14035	8633	7777	13561	8042	14702	9931	16216	15660	9269	16195	5827	4879	7794	11815	15744	14734	15724	7440	15051	14838	15138	16189	9435	8935	10744	10848	10483	8790	7467	8094	5114	15647	13193	6267	8635	14303	16129	8535	8393	13753	3667	7156	11267	14825	14886	15165	12507	16492	14735	15499	5639	15554	7715	6749	13080	5527	10573	4084	4435	8858	10059	15325	14377	3664	3709	16279	7897	13331	8216	10734	3528	7323	12702	10019	11845	15955	11291	10195	15952	15316	15150	11734	4053	11849	14789	14877	8917	11448	13455	3630	9416	11546	8214	15248	10045	11953	6631	12618	8188	12831	6871	8916	13036	14341	6787	13141	6708	9549	7149	9414
4/24/2016 1:05:00 PM	96.0833333333333	3685	6259	8740	9586	10944	7286	9122	9539	8065	7706	11600	12279	11683	5682	6650	11619	6892	5600	10447	6738	14691	5253	7774	14718	7807	3184	5693	11784	9214	8237	7028	6518	11963	6175	12975	15372	5452	6920	15410	13803	11417	6816	7051	12678	6918	12234	5748	5129	15458	10958	9534	8386	15554	5688	15873	12263	8034	3899	12979	14373	6097	13996	16111	15973	6183	9790	3565	7572	13888	11227	6818	11381	15026	8591	9384	8435	8964	16310	12337	13527	11047	15485	9363	5289	6046	5789	9315	9633	17113	13068	6018	8533	16850	6847	16362	15292	15826	13468	10312	15284	16253	16177	16483	7924	7035	8503	17042	15519	10472	7273	4212	5750	12490	13195	8949	15060	9973	11029	17055	8622	12151	15336	15473	11149	5503	13030	11090	13844	16460	16398	15649	16524	16456	15577	14215	8832	16626	8518	15822	8946	9963	3614	16686	15944	14430	15756	13489	16780	9564	8070	8206	15506	14202	13142	10600	7535	8676	6294	8148	13889	7218	10996	17881	9810	17208	16270	8183	7417	6301	11096	16804	8037	14154	7048	10510	13691	8938	15609	16320	8512	16557	7958	15491	7387	17039	16051	15217	8625	8032	13250	17274	4140	17225	5088	9877	11568	7392	14544	8909	7721	14132	8075	15291	10139	16847	16169	9613	16755	5822	4833	8010	12332	16383	15263	16441	7494	15652	15406	15660	16725	9575	8888	11309	10990	10843	8703	7326	8153	5250	16303	13929	6282	8645	14868	16645	8703	8640	14395	3553	7161	11651	15423	15371	15764	12871	17077	15309	16072	5573	16263	7734	6715	13596	5503	10941	3984	4431	8908	10486	15754	14895	3470	3545	16892	7686	13957	8453	11138	3470	7261	13280	10478	12194	16464	11782	10564	16493	15860	15912	12146	3937	12322	15480	15537	9136	11711	14227	3443	9553	11915	8425	15884	10333	12527	6661	13102	8517	13466	6711	9326	13678	14881	6790	13844	6530	10063	7074	9506
4/24/2016 5:05:00 PM	100.083333333333	3599	6115	9090	9893	11311	7493	9299	9741	8174	8102	12091	12926	12304	5715	6733	12360	6860	5513	10964	6788	15462	5250	8052	15424	7789	3093	5642	12374	9537	8387	6962	6267	12477	6145	13572	15992	5401	6929	16177	14474	11931	6837	7114	13307	7018	12774	5674	5083	15985	11509	9821	8621	16102	5675	16611	12831	8057	3748	13462	14945	6017	14647	16638	16660	6089	10187	3394	7638	14645	11974	6812	11869	15819	8490	9568	8381	8927	16780	12926	14344	11504	16166	9620	5191	5977	5724	9395	9850	17888	13591	5956	8788	17581	6722	16970	16108	16506	14176	10685	15802	16864	16846	17039	7954	7047	8406	17549	16147	10919	7209	4134	5723	13057	14086	8854	15617	10185	11533	17654	8510	12584	16027	16124	11683	5489	13660	11707	14617	17126	16914	16442	17336	17018	16197	14500	9152	17220	8552	16637	9216	10184	3464	17291	16347	15111	16273	14079	17272	9611	8068	8147	16178	15045	13812	10896	7478	8720	6389	8164	14677	7196	11325	18448	9991	17824	16890	8209	7336	6177	11446	17332	7965	14835	7011	10916	14289	8855	16126	16898	8495	17193	8168	16093	7353	17587	16491	15767	8626	8207	13513	17797	4001	17878	4999	10232	12370	7501	15160	9078	7619	14629	8028	15895	10370	17426	16738	9992	17509	5856	4797	8082	12830	16938	15245	17117	7663	16161	16067	16265	17399	9991	8865	11808	11295	11266	8626	7251	8082	5177	16930	14681	6278	8647	15546	17377	8933	8893	14971	3412	7073	11972	15932	15861	16324	13397	17574	15860	16721	5479	16818	7726	6724	14137	5467	11241	3834	4402	9231	10938	16410	15407	3386	3442	17628	7507	14619	8722	11607	3300	7174	13844	10855	12537	17111	12184	11082	17229	16532	16611	12816	3884	12773	16050	16150	9486	12030	15017	3330	9696	12418	8682	16624	10866	13113	6752	13761	8825	14081	6483	9780	14262	15615	6747	14434	6411	10516	6994	9772
4/24/2016 9:05:00 PM	104.083333333333	3563	6102	9544	10245	11658	7708	9424	9993	8300	8399	12648	13602	12964	5661	6772	13102	6892	5443	11603	6738	16174	5251	8223	16155	7815	3014	5567	13041	9914	8516	7002	6200	13003	6112	14241	16690	5303	6928	16773	15239	12527	6690	7032	13917	7044	13361	5544	5035	16618	12034	10147	8949	16825	5688	17330	13462	8034	3676	14020	15554	5972	15378	17161	17089	6061	10689	3299	7498	15250	12635	6862	12411	16389	8391	9719	8276	8892	17400	13278	15020	12092	16797	9955	5121	5965	5642	9641	10319	18584	13999	5844	8961	18069	6726	17630	16866	17360	14930	10978	16590	17564	17292	17561	7995	6909	8369	18105	16845	11450	6983	4042	5759	13638	14963	8762	16303	10441	12098	18138	8534	13128	16635	16836	12113	5551	14341	12216	15527	17685	17357	16901	17983	17499	16782	14859	9537	17787	8473	17375	9458	10417	3359	17661	16943	15809	16668	14574	17683	9694	8034	8240	16736	15930	14426	11345	7594	8688	6323	8181	15321	7123	11617	19009	10228	18356	17551	8164	7243	6118	11863	17967	7898	15430	6931	11223	14960	8832	16827	17525	8449	17943	8350	16942	7380	18066	17112	16436	8527	8304	13988	18351	3925	18477	5071	10443	13211	7420	15731	9379	7416	15137	8005	16448	10658	17985	17463	10490	18148	5795	4783	8327	13354	17538	16615	17818	7726	16759	16679	16989	17990	10223	8759	12463	11389	11741	8620	7184	8047	5083	17425	15521	6160	8517	16042	17983	9217	9181	15811	3368	7027	12422	16597	16530	16807	13845	17932	16454	17369	5569	17503	7698	6675	14922	5411	11720	3716	4372	9520	11353	16885	16167	3283	3381	18343	7362	15429	8986	12024	3163	7103	14521	11251	12893	17784	12555	11529	17757	17233	17543	13457	3774	13471	16728	16813	9667	12458	15735	3234	9838	12957	8886	17409	11313	13874	6804	14508	9217	14872	6511	10024	15045	16387	6817	15230	6355	11030	6935	10035
4/25/2016 1:05:00 AM	108.083333333333	3487	6065	9900	10672	12174	7916	9569	10235	8453	8759	13260	14284	13686	5682	6793	13978	6897	5398	12209	6733	17013	5243	8482	16821	7728	2971	5484	13615	10205	8712	6965	6017	13595	6154	14923	17245	5329	6941	17405	15809	13155	6671	7017	14459	7081	13855	5530	4962	17079	12724	10479	9141	17314	5651	17941	14173	8040	3610	14538	16207	5861	15953	17668	17486	6065	11151	3219	7525	15935	13446	6845	12898	17023	8325	9877	8276	8767	17807	13913	15791	12705	17559	10124	5116	5865	5576	9836	10575	19055	14669	5711	9043	18486	6657	18112	17668	18340	15613	11346	17133	18037	17759	18075	7943	6957	8364	18500	17387	11990	6868	4004	5652	14243	15820	8780	16882	10790	12644	18617	8492	13519	17136	17579	12493	5450	14966	12759	16291	18217	17783	17471	18615	18121	17402	15395	10004	18307	8566	18083	9767	10731	3209	18077	17267	16427	17231	15217	18111	9793	8093	8203	17281	16958	15131	11728	7577	8649	6280	8292	16004	7076	12034	19564	10494	18928	18215	8075	7184	6148	12255	18415	7853	15940	6907	11573	15570	8823	17575	18054	8433	18742	8621	17689	7412	18498	17587	16929	8469	8394	14396	18756	3765	19120	5071	10694	13964	7432	16359	9716	7476	15531	8205	16982	10987	18396	17982	11080	18784	5868	4748	8482	13776	18070	17278	18499	7901	17353	17157	17548	18376	10687	8689	13073	11687	12112	8563	7049	8037	5043	17991	16292	6219	8549	16552	18654	9368	9397	16671	3239	6937	12844	17133	17139	17229	14402	18291	17084	17787	5429	18279	7595	6659	15584	5394	12026	3591	4355	9641	11772	17331	16860	3201	3280	18960	7311	16331	9293	12569	3091	6975	15019	11588	13286	18320	12923	11860	18486	18076	18243	14211	3741	14087	17381	17513	9926	12707	16448	3164	10002	13559	9170	18127	11771	14627	6948	15230	9578	15689	6288	10374	15790	17305	6791	16050	6299	11554	6896	10346
4/25/2016 5:05:00 AM	112.083333333333	3488	5964	10288	10588	12666	8101	9741	10507	8654	9053	13946	14919	14378	5699	6777	14833	7002	5410	12741	6656	17640	5247	8720	17473	7855	2886	5495	14308	10464	8845	6915	5910	14247	6055	15535	17789	5283	6876	18138	16648	13866	6643	7052	14902	7187	14375	5440	4929	17490	13214	10797	9311	17689	5557	18475	14967	8114	3465	15083	16919	5835	16489	18096	17748	5906	11646	3168	7463	16404	14323	6936	13238	17664	8274	10094	8184	8815	18049	14299	16611	13282	18164	10328	5022	5794	5477	10079	10924	19480	15271	5646	9128	18762	6717	18726	18301	19026	16486	11769	17732	18581	18121	18372	7871	6936	8304	18895	17760	12680	6623	3924	5594	14895	16513	8674	17363	11066	13273	18984	8509	14117	17506	18180	13154	5393	15770	13430	17285	18744	18062	17894	19153	18441	17979	15820	10424	18824	8708	18858	10126	10950	3180	18428	17729	17186	17438	15741	18393	9892	8160	8175	17813	17935	15825	12262	7612	8648	6187	8370	16712	7115	12190	19886	10757	19265	18772	8087	7124	6089	12614	18820	7823	16433	6921	11930	16231	8871	18087	18427	8342	19343	8805	18464	7457	18880	17921	17343	8497	8496	14744	19196	3702	19438	5001	11011	14815	7428	17078	10032	7415	15707	8248	17456	11218	18807	18357	11581	19264	5805	4727	8614	14120	18375	17896	18993	7951	17836	17679	18123	18851	10881	8706	13763	12116	12491	8519	7008	8081	4957	18330	17149	6153	8455	16871	19159	9548	9573	17505	3114	6888	13429	17910	17532	17566	14792	18522	17576	18155	5482	18958	7671	6613	16274	5388	12317	3559	4362	10013	12324	17814	17422	3080	3192	19453	7028	17119	9655	13081	3073	6915	15323	11969	13749	18778	13244	12288	19064	18774	19121	14870	3654	14738	18045	18110	10266	13080	17234	3128	10163	14218	9292	18779	12296	15510	7035	16011	9997	16602	6252	10722	16621	18138	6751	16844	6094	12042	6871	10645
4/25/2016 9:05:00 AM	116.083333333333	3428	5904	10617	11378	13191	8162	9871	10665	8681	9240	14480	15610	15049	5718	6821	14665	7048	5351	13337	6791	18314	5216	8902	17884	7784	2852	5435	15105	10880	9052	6913	5682	14794	6128	15891	18185	5308	6893	18555	17329	14514	6595	7020	15252	7194	14754	5423	4907	17881	13833	11140	9496	18142	5537	19034	15690	8093	3448	15517	17663	5829	17062	18376	18068	5871	12227	3060	7404	16947	15123	6910	13509	18134	8261	10327	8171	8764	18305	14829	17248	13856	18631	10540	4969	5717	5477	10287	11257	19832	15903	5556	9186	19072	6709	19082	18913	19906	17343	12177	18135	18990	18432	18615	7996	6898	8291	19159	18241	13264	6489	3852	5653	15629	17462	8680	17754	11377	13740	19254	8414	14663	17788	18627	13703	5365	16479	13982	18216	19175	18397	18171	19421	18680	18455	16277	10906	19126	8672	19392	10252	11222	3069	18579	18022	17888	17715	16481	18659	9956	8171	8108	18269	18746	16525	12698	7667	8658	6091	8455	17488	7069	12404	20129	11040	19567	19265	8116	7101	6047	12955	19201	7857	16809	6891	12196	16708	8719	18528	18700	8277	19947	9015	19179	7518	19158	18373	17709	8406	8499	15139	19341	3578	19715	5015	11174	15696	7513	17790	10476	7437	15980	8262	17812	11511	18956	18642	12193	19475	5761	4670	8786	14328	18709	18409	19388	8012	18091	18135	18674	19103	11297	8651	14490	12291	12928	8475	6873	8113	4972	18638	17743	6101	8455	17270	19507	9725	9768	18154	3034	6762	13930	18198	17942	17847	15309	18658	18049	18466	5425	19324	7501	6578	16823	5400	12470	3552	4307	10231	12838	17986	17951	2962	3178	19747	6983	17724	9989	13604	2942	6872	15685	12352	14164	19123	13517	12670	19409	19288	19543	15534	3628	15492	18529	18775	10541	13601	17962	3051	10359	14901	9516	19361	12880	16338	7134	16707	10422	17297	6133	11052	17472	18714	6659	17537	5997	12573	6743	10851
4/25/2016 1:05:00 PM	120.083333333333	3463	5849	11031	11795	13677	8157	9912	10747	8771	9479	15167	16140	15782	5692	6919	16416	7058	5315	13991	6794	18842	5187	9091	18353	7733	2733	5427	15689	11246	9268	6842	5569	15447	6163	16294	18644	5177	6910	19006	17810	15243	6586	7044	15539	7337	15112	5334	4899	18168	14383	11451	9626	18377	5429	19433	16184	8166	3464	15834	18176	5772	17423	18574	18231	5720	12720	2988	7396	17429	15918	6923	13741	18615	8250	10541	8199	8683	18553	15450	17888	14431	18836	10908	4915	5694	5394	10546	11594	20059	16533	5496	9150	19225	6749	19305	19385	20531	18003	12658	18574	19366	18623	18959	7960	6975	8262	19333	18437	13902	6278	3799	5559	16326	18299	8585	18100	11667	14256	19510	8383	15199	18199	19078	14264	5368	16982	14649	19008	19497	18515	18433	19777	19144	18898	16637	11427	19499	8723	20174	10478	11618	2966	18789	18270	18299	17973	16995	18855	10085	8273	8054	18538	19669	17176	13193	7695	8576	5919	8512	18122	7006	12584	20201	11570	19864	19636	8096	7051	5935	13151	19499	7813	17112	6919	12536	17211	8827	19006	18989	8272	20621	9221	19846	7499	19446	18546	17904	8345	8522	15442	19613	3565	19990	4993	11624	16657	7421	18174	10903	7414	16186	8317	18065	11744	19190	18965	12843	19903	5723	4607	8822	14633	18917	18976	19666	8074	18377	18437	19034	19382	11660	8526	15098	12604	13233	8453	6892	8224	4919	18968	18325	6037	8478	17406	19844	9749	9960	18849	3041	6714	14562	18742	18221	18048	15873	18799	18483	18658	5461	19843	7563	6576	17308	5416	12654	3476	4259	10650	13456	18241	18475	2939	3031	20091	6829	18352	10411	14154	2923	6815	16055	12723	14563	19440	13729	13087	19843	19610	20109	16117	3523	16230	19020	19160	10754	13933	18553	2917	10577	15596	9654	19744	13431	17054	7122	17236	10828	17962	6090	11451	18044	19413	6757	18141	5847	13105	6745	10981
4/25/2016 5:05:00 PM	124.083333333333	3385	5803	11361	12145	14059	8198	9869	10771	8766	9721	15653	16621	16355	5652	6901	17046	7211	5250	14665	6735	19479	5215	9295	18756	7770	2697	5345	16376	11600	9510	6889	5468	16154	6305	16588	18844	5143	6854	19284	18428	15892	6490	6988	15721	7302	15392	5277	4848	18449	14962	11733	9703	18559	5361	19819	16774	8152	3365	16138	18492	5706	17714	18735	18425	5723	13338	2904	7261	17818	16624	6938	14082	18907	8168	10902	8130	8654	18652	15930	18428	15157	19239	11260	4878	5648	5332	10797	11946	20045	17141	5405	9187	19406	6790	19516	19789	21245	18745	13200	18854	19522	18791	19104	7804	6920	8254	19476	18691	14517	6165	3723	5541	17057	18825	8558	18372	11972	14721	19562	8402	15575	18352	19432	14812	5298	17538	15499	19715	19764	18795	18654	19995	19257	19199	16799	11968	19818	8861	20707	10814	11990	2848	18983	18405	17838	18173	17399	19070	10263	8217	8024	18907	20366	17746	13582	7801	8552	5923	8678	18602	7094	12664	20416	11859	20013	19952	7944	6990	5905	13371	19765	7819	17358	6940	12829	17714	8766	19356	19174	8241	21083	9525	20109	7642	19628	18846	18232	8357	8534	15660	19762	3458	20182	4894	11904	17414	7467	18537	11374	7332	16299	8442	18269	12112	19306	19086	13467	20209	5720	4563	8932	14780	19184	19313	19878	8041	18429	18722	19318	19532	11960	8512	15904	12863	13554	8508	6803	8409	4835	19219	18815	6010	8415	17608	20164	9815	10185	19252	2934	6597	14927	18969	18464	18228	16278	18913	18795	18922	5442	20192	7560	6454	17725	5335	12776	3462	4279	11039	13952	18386	18845	2918	2913	20286	6811	18999	10783	14867	2800	6832	16240	13060	14908	19639	13846	13468	19966	20133	20716	16684	3449	16967	19367	19641	11151	14336	19070	2896	10771	16245	9836	20326	13950	17568	7218	17855	11214	18393	5956	11956	18696	19910	6831	18732	5878	13695	6649	11019
