Label: MN20160421_X06
Metric: total (H2B-mCh) Count (1/Well)
Cell Type: 
Passage: 1
Notes: MCF10A + 8 LINCS drugs
plating and treatment delays
Analysis Job: MN20160421_X06

Date Time	Elapsed	B2	C2	D2	E2	F2	G2	H2	I2	J2	K2	L2	M2	N2	O2	B3	C3	D3	E3	F3	G3	H3	I3	J3	K3	L3	M3	N3	O3	B4	C4	D4	E4	F4	G4	H4	I4	J4	K4	L4	M4	N4	O4	B5	C5	D5	E5	F5	G5	H5	I5	J5	K5	L5	M5	N5	O5	B6	C6	D6	E6	F6	G6	H6	I6	J6	K6	L6	M6	N6	O6	B7	C7	D7	E7	F7	G7	H7	I7	J7	K7	L7	M7	N7	O7	B8	C8	D8	E8	F8	G8	H8	I8	J8	K8	L8	M8	N8	O8	B9	C9	D9	E9	F9	G9	H9	I9	J9	K9	L9	M9	N9	O9	B10	C10	D10	E10	F10	G10	H10	I10	J10	K10	L10	M10	N10	O10	B11	C11	D11	E11	F11	G11	H11	I11	J11	K11	L11	M11	N11	O11	B12	C12	D12	E12	F12	G12	H12	I12	J12	K12	L12	M12	N12	O12	B13	C13	D13	E13	F13	G13	H13	I13	J13	K13	L13	M13	N13	O13	B14	C14	D14	E14	F14	G14	H14	I14	J14	K14	L14	M14	N14	O14	B15	C15	D15	E15	F15	G15	H15	I15	J15	K15	L15	M15	N15	O15	B16	C16	D16	E16	F16	G16	H16	I16	J16	K16	L16	M16	N16	O16	B17	C17	D17	E17	F17	G17	H17	I17	J17	K17	L17	M17	N17	O17	B18	C18	D18	E18	F18	G18	H18	I18	J18	K18	L18	M18	N18	O18	B19	C19	D19	E19	F19	G19	H19	I19	J19	K19	L19	M19	N19	O19	B20	C20	D20	E20	F20	G20	H20	I20	J20	K20	L20	M20	N20	O20	B21	C21	D21	E21	F21	G21	H21	I21	J21	K21	L21	M21	N21	O21	B22	C22	D22	E22	F22	G22	H22	I22	J22	K22	L22	M22	N22	O22	B23	C23	D23	E23	F23	G23	H23	I23	J23	K23	L23	M23	N23	O23
4/20/2016 3:40:00 PM	0	718	619	667	644	655	626	687	732	643	640	644	661	615	661	728	719	726	641	656	613	764	727	704	620	659	637	670	655	767	694	663	624	715	660	690	675	726	684	730	676	698	658	782	664	804	696	709	633	712	740	805	656	668	682	691	661	774	730	758	703	719	710	759	752	765	709	718	751	736	690	788	713	862	730	803	808	783	840	824	728	729	775	773	694	792	732	788	745	789	849	801	836	828	778	783	755	802	709	752	738	825	851	873	797	843	845	863	706	781	736	826	781	846	843	798	774	741	790	802	833	907	786	810	721	768	758	886	819	880	812	823	777	794	834	828	802	814	770	811	737	926	892	878	884	830	863	841	890	833	823	813	791	807	742	900	904	935	866	829	766	879	844	910	813	865	827	917	766	926	804	786	858	784	797	747	866	803	769	797	774	770	735	773	811	766	762	783	809	856	885	855	845	780	746	806	764	794	762	722	781	848	792	713	769	853	775	798	808	812	734	734	785	835	801	821	785	786	857	823	796	759	796	855	768	841	767	760	834	833	832	775	839	868	753	810	780	788	778	726	724	801	783	713	770	762	807	853	731	801	757	776	752	774	760	795	790	755	727	759	882	757	699	747	755	721	722	789	742	700	693	729	656	713	763	786	713	748	731	744	764	837	657	683	640	702	678	674	761	682	685	657	659	668	674	831	670	641	659	684	699	704	745	733	650	647	622	644	660
4/20/2016 7:40:00 PM	4	732	647	707	675	698	654	706	798	701	678	646	704	650	704	739	731	734	666	677	650	815	764	743	646	708	680	713	681	770	715	717	634	751	726	697	752	774	737	776	713	731	688	800	701	824	712	732	678	754	786	813	688	683	699	732	672	777	749	768	755	772	742	762	779	796	715	757	776	756	747	850	723	885	763	824	817	806	907	875	764	771	806	808	741	831	764	821	755	826	876	837	881	845	829	822	799	838	742	792	768	866	903	904	851	868	901	851	764	834	769	855	796	889	884	818	815	805	825	861	882	974	811	880	786	799	805	924	843	908	852	847	818	796	874	870	827	856	801	831	761	955	887	896	900	888	895	848	900	866	873	821	790	819	798	934	915	991	881	877	829	894	882	936	835	875	859	912	823	933	840	856	875	855	850	803	902	810	797	807	820	827	764	822	840	790	800	828	850	891	933	878	866	846	793	856	800	837	786	794	828	883	832	762	798	896	848	819	854	838	744	733	810	893	836	875	799	794	892	846	814	810	831	879	788	846	808	772	853	853	872	818	892	909	816	849	843	849	825	765	756	814	824	767	812	790	834	853	759	814	783	811	779	807	744	841	792	778	744	746	923	800	715	792	783	740	766	813	755	721	723	741	692	756	810	812	762	782	771	750	778	816	691	697	701	706	706	691	784	703	741	686	685	699	682	863	683	677	657	675	731	772	817	713	676	666	637	710	706
4/20/2016 11:40:00 PM	8	769	650	730	720	712	703	716	831	756	704	693	765	696	735	743	730	764	729	724	676	833	808	781	711	706	732	781	725	803	749	743	691	775	751	738	806	788	771	812	764	770	710	856	686	836	721	754	688	759	822	861	709	703	739	771	705	828	772	772	793	800	788	843	816	830	738	796	813	790	788	870	761	891	780	833	840	828	922	927	802	779	844	842	754	860	795	810	796	854	876	862	918	880	866	845	833	883	763	801	862	856	906	960	866	860	927	935	800	860	796	880	836	914	905	840	853	810	858	848	915	1030	852	897	772	840	823	939	857	889	872	873	821	839	910	883	855	864	845	880	800	945	901	893	909	878	951	865	937	900	859	831	805	848	850	923	902	1000	888	917	832	938	907	970	849	879	905	932	833	972	862	855	922	859	851	798	915	848	795	838	833	862	794	841	882	830	802	868	883	911	949	895	886	836	835	894	830	859	817	782	879	883	824	766	849	914	865	820	893	882	769	763	852	897	846	887	816	815	902	871	835	812	861	910	823	865	838	839	887	870	897	820	918	954	820	883	871	886	841	794	785	825	852	776	822	807	858	906	814	830	853	821	775	809	797	864	857	844	807	815	935	838	720	838	818	794	808	817	815	760	734	772	724	782	828	872	806	796	824	796	829	854	725	724	729	736	739	749	844	754	762	743	725	738	753	862	726	701	731	742	732	782	857	759	711	705	673	759	739
4/21/2016 3:40:00 AM	12	823	676	799	754	744	751	758	902	835	797	736	804	754	822	791	798	837	768	745	736	866	899	839	770	794	760	803	754	828	811	772	720	819	816	811	848	826	784	833	794	818	779	896	738	870	768	790	757	791	883	902	759	756	774	816	745	859	867	802	831	841	811	862	870	885	780	842	861	827	852	894	785	937	830	884	867	868	985	960	835	803	910	883	815	891	832	878	872	885	904	898	966	906	895	894	870	942	817	832	866	911	911	994	886	893	981	991	850	904	850	941	895	976	963	884	878	858	890	893	951	1092	877	920	826	902	880	950	906	924	913	900	891	907	952	886	870	896	875	915	851	973	930	923	933	910	961	878	986	899	970	864	831	873	856	990	999	1034	899	915	877	949	947	1021	889	899	944	982	839	971	860	863	945	895	897	827	954	913	863	873	841	877	828	888	893	876	833	848	915	913	979	936	945	891	865	894	873	892	853	829	901	925	892	798	844	964	889	876	921	948	819	814	883	953	893	922	846	883	936	906	921	878	868	939	875	933	892	854	920	911	916	900	975	992	859	937	890	938	881	814	811	854	861	819	837	859	912	942	804	889	891	845	861	861	865	883	883	869	846	861	1001	869	746	900	845	858	866	873	843	757	774	813	771	806	839	911	817	837	864	849	855	902	770	796	781	814	789	888	879	777	788	789	776	744	758	892	805	755	785	789	795	863	906	806	774	733	751	809	793
4/21/2016 7:40:00 AM	16	868	725	839	811	833	801	800	969	875	833	784	888	789	837	823	884	880	818	792	781	965	972	920	770	860	816	884	814	899	861	844	792	874	879	839	928	911	878	893	859	898	819	959	806	937	807	820	808	862	965	974	839	790	894	850	803	921	893	848	905	895	870	926	906	948	842	884	904	862	929	933	847	998	861	946	929	923	1013	1016	918	891	965	917	838	923	911	944	872	949	1013	969	1017	950	929	939	937	1006	865	888	952	951	1006	1033	936	940	1033	1012	873	950	909	981	956	1029	999	931	964	891	963	974	1011	1126	930	970	865	947	940	988	940	1005	952	902	950	939	1011	1011	965	977	937	992	913	1044	967	961	972	966	1027	929	1036	981	986	913	912	913	917	1019	1035	1048	934	971	934	996	1000	1061	921	923	970	1023	893	1036	923	932	980	971	920	903	1044	955	903	912	897	940	863	942	967	934	899	920	982	998	1066	1009	980	919	921	969	917	950	923	890	967	1021	907	870	922	1036	969	925	1012	964	894	857	935	1029	954	1006	885	919	999	982	985	936	939	1009	912	988	900	886	960	957	955	919	1001	1042	912	1002	964	974	932	910	849	925	940	894	901	960	948	1007	867	934	964	930	893	901	895	916	951	935	882	902	1075	921	858	916	905	906	921	923	882	817	785	851	803	885	918	974	924	947	949	883	902	963	826	863	804	872	859	887	959	888	862	865	842	826	802	960	853	784	834	850	839	917	953	882	855	809	799	858	813
4/21/2016 11:40:00 AM	20	1088	908	1077	990	1001	974	995	1163	1042	1065	974	1075	1029	1017	1057	1071	1148	1033	1019	996	1189	1212	1143	990	1092	1048	1138	1027	1130	1120	1061	1011	1162	1112	1101	1173	1179	1126	1170	1106	1138	997	1175	1034	1207	1020	1027	1059	1074	1190	1198	1065	1037	1108	1080	990	1157	1110	1071	1114	1147	1091	1179	1199	1214	1058	1132	1142	1086	1054	1192	1066	1290	1051	1146	1174	1179	1302	1253	1118	1072	1234	1171	1013	1138	1160	1203	1098	1176	1210	1235	1276	1219	1209	1203	1157	1269	1056	1122	1171	1214	1277	1295	1183	1173	1287	1283	1153	1193	1115	1229	1152	1288	1255	1134	1190	1154	1195	1230	1292	1444	1210	1225	1100	1203	1198	1267	1174	1269	1209	1158	1173	1206	1272	1283	1192	1239	1184	1219	1058	1314	1177	1197	1244	1211	1292	1173	1368	1293	1286	1187	1158	1146	1120	1301	1278	1364	1201	1241	1171	1295	1273	1329	1193	1194	1219	1291	1105	1264	1197	1158	1231	1219	1178	1157	1360	1210	1109	1183	1114	1187	1108	1188	1207	1192	1103	1160	1266	1269	1340	1305	1266	1221	1147	1247	1188	1180	1150	1175	1209	1260	1174	1073	1163	1317	1256	1168	1242	1231	1123	1080	1186	1276	1221	1267	1150	1125	1284	1285	1279	1190	1205	1247	1095	1220	1165	1171	1225	1208	1212	1177	1288	1352	1168	1260	1187	1207	1141	1144	1094	1165	1180	1102	1158	1210	1199	1296	1097	1203	1198	1185	1092	1153	1086	1195	1202	1189	1122	1174	1370	1179	1077	1181	1153	1179	1164	1176	1123	1059	1052	1117	1029	1135	1161	1267	1153	1165	1195	1181	1108	1211	1033	1086	1047	1095	1131	1152	1225	1133	1126	1086	1082	1077	998	1138	1024	987	1069	1054	1049	1149	1199	1138	1052	1049	1040	1034	998
4/21/2016 3:45:00 PM	24.0833333333333	1394	1171	1390	1315	1296	1316	1295	1506	1380	1365	1265	1378	1330	1315	1308	1367	1465	1343	1286	1335	1501	1604	1477	1292	1384	1364	1461	1355	1434	1397	1372	1302	1437	1382	1365	1487	1489	1422	1500	1407	1448	1290	1482	1349	1513	1252	1320	1335	1389	1490	1536	1361	1313	1435	1437	1278	1468	1482	1408	1407	1415	1379	1498	1489	1554	1375	1428	1459	1425	1336	1468	1372	1569	1309	1497	1455	1423	1661	1562	1405	1389	1587	1459	1288	1447	1413	1490	1358	1478	1514	1510	1603	1526	1542	1491	1443	1633	1349	1418	1472	1502	1566	1585	1440	1502	1661	1579	1413	1518	1419	1593	1443	1665	1534	1458	1466	1436	1465	1480	1607	1785	1475	1502	1422	1550	1464	1582	1471	1532	1507	1499	1487	1500	1633	1602	1431	1528	1465	1541	1398	1679	1491	1515	1522	1508	1610	1462	1680	1556	1566	1474	1446	1479	1448	1614	1635	1631	1487	1543	1436	1579	1592	1648	1542	1466	1536	1576	1396	1608	1465	1425	1551	1484	1442	1426	1703	1518	1416	1530	1448	1508	1427	1459	1492	1501	1373	1476	1586	1563	1673	1615	1556	1508	1474	1531	1528	1536	1491	1479	1563	1549	1482	1416	1491	1621	1598	1460	1572	1559	1405	1391	1508	1642	1562	1566	1428	1430	1581	1598	1527	1492	1479	1561	1425	1533	1404	1466	1557	1505	1498	1463	1609	1676	1437	1574	1511	1548	1488	1506	1467	1498	1508	1404	1478	1513	1525	1650	1450	1524	1553	1510	1404	1471	1404	1471	1533	1499	1417	1459	1755	1574	1389	1472	1459	1511	1487	1441	1455	1385	1373	1436	1316	1481	1547	1575	1502	1558	1543	1472	1419	1505	1310	1438	1378	1446	1412	1491	1575	1440	1422	1413	1411	1394	1332	1487	1338	1275	1348	1337	1326	1485	1543	1449	1325	1369	1365	1361	1299
4/21/2016 7:45:00 PM	28.0833333333333	1618	1413	1632	1545	1540	1540	1542	1783	1600	1583	1500	1623	1543	1531	1557	1613	1712	1589	1537	1550	1798	1824	1708	1490	1679	1607	1690	1518	1664	1642	1573	1503	1660	1611	1654	1776	1742	1724	1712	1596	1702	1555	1773	1561	1725	1483	1587	1512	1643	1766	1774	1608	1522	1645	1645	1487	1741	1721	1617	1646	1630	1604	1797	1725	1783	1593	1666	1651	1642	1612	1692	1563	1822	1522	1672	1733	1678	1916	1828	1623	1601	1837	1774	1506	1672	1666	1754	1574	1687	1812	1756	1861	1752	1708	1720	1704	1852	1560	1596	1710	1745	1875	1841	1623	1808	1927	1841	1647	1744	1661	1814	1690	1942	1826	1695	1781	1656	1713	1736	1858	2079	1739	1780	1643	1787	1695	1799	1720	1815	1747	1755	1678	1731	1860	1818	1704	1818	1663	1808	1649	1975	1760	1747	1784	1766	1865	1704	1940	1784	1815	1733	1696	1718	1663	1847	1917	1888	1768	1790	1680	1810	1869	1910	1779	1731	1783	1841	1579	1815	1732	1711	1753	1698	1691	1631	1970	1810	1645	1755	1644	1765	1627	1734	1770	1810	1667	1718	1873	1780	1982	1924	1783	1744	1746	1806	1766	1777	1716	1714	1771	1833	1729	1648	1734	1895	1883	1684	1818	1758	1637	1623	1782	1897	1818	1817	1708	1697	1848	1868	1813	1758	1730	1846	1672	1808	1658	1694	1798	1788	1776	1730	1849	1959	1681	1872	1769	1819	1736	1692	1652	1768	1781	1675	1753	1824	1825	1913	1678	1768	1770	1806	1664	1679	1594	1781	1740	1722	1657	1744	2048	1817	1681	1783	1740	1784	1752	1658	1673	1569	1589	1671	1569	1708	1815	1827	1737	1821	1817	1753	1598	1796	1536	1621	1615	1684	1629	1769	1857	1652	1653	1668	1651	1619	1542	1769	1530	1487	1565	1584	1557	1673	1804	1677	1573	1630	1634	1630	1521
4/21/2016 11:45:00 PM	32.0833333333333	2093	1770	2057	1963	1947	1875	1925	2175	1954	1996	1875	2039	1951	1887	1981	2069	2209	2018	1973	1987	2292	2342	2195	1997	2054	2004	2162	1918	2138	2115	2086	1949	2198	2108	2128	2262	2315	2208	2219	2127	2171	1925	2184	1994	2270	1933	2038	2051	2051	2278	2301	2073	1989	2126	2112	1875	2262	2252	2108	2053	2135	2115	2291	2258	2299	2037	2108	2122	2142	2005	2124	2201	2412	1937	2218	2297	2145	2562	2362	2148	2035	2367	2244	1852	2118	2145	2237	2067	2188	2306	2257	2436	2247	2244	2235	2158	2403	1947	2093	2213	2267	2438	2373	2216	2352	2522	2322	2073	2218	2112	2318	2088	2525	2333	2249	2264	2183	2250	2240	2467	2651	2270	2337	2145	2306	2126	2385	2233	2306	2325	2298	2171	2227	2410	2399	2272	2314	2186	2308	2086	2507	2240	2162	2334	2248	2455	2272	2577	2409	2417	2300	2217	2237	2154	2392	2518	2462	2357	2343	2166	2380	2452	2546	2327	2281	2335	2442	2023	2364	2247	2243	2288	2255	2227	2129	2629	2343	2159	2287	2092	2289	2110	2220	2272	2250	2163	2204	2439	2352	2523	2439	2363	2226	2188	2293	2267	2263	2182	2282	2356	2347	2243	2119	2265	2491	2429	2181	2300	2253	2086	2054	2280	2492	2359	2416	2207	2171	2444	2401	2322	2261	2287	2319	2108	2326	2133	2270	2311	2315	2317	2220	2458	2526	2255	2372	2249	2354	2176	2199	2177	2277	2296	2181	2249	2366	2336	2489	2166	2304	2346	2322	2086	2219	2082	2305	2272	2294	2147	2267	2672	2317	2145	2282	2231	2233	2165	2173	2212	2024	2075	2200	2047	2207	2333	2439	2270	2348	2367	2212	1991	2292	1981	2116	2053	2169	2158	2202	2419	2209	2210	2163	2106	2049	1955	2209	1991	1906	2008	1982	1953	2173	2319	2116	2038	2104	2006	2005	1855
4/22/2016 3:45:00 AM	36.0833333333333	2588	2155	2578	2423	2394	2384	2395	2716	2521	2550	2369	2506	2329	2373	2445	2529	2750	2434	2445	2376	2870	2898	2730	2488	2578	2488	2636	2402	2698	2644	2543	2414	2750	2596	2600	2731	2811	2715	2743	2575	2657	2351	2695	2444	2698	2354	2452	2419	2528	2828	2760	2562	2431	2599	2589	2335	2695	2796	2502	2556	2566	2565	2796	2769	2819	2499	2648	2605	2621	2462	2678	2677	2907	2450	2717	2786	2662	3115	2852	2606	2485	2860	2836	2291	2637	2679	2718	2512	2675	2810	2768	2975	2783	2757	2776	2665	2952	2409	2587	2675	2746	2974	2900	2627	2842	3055	2879	2588	2735	2554	2911	2580	3053	2843	2691	2762	2649	2698	2745	3002	3228	2726	2892	2615	2853	2680	2900	2719	2750	2842	2786	2702	2736	2911	2843	2725	2832	2691	2811	2557	3079	2745	2675	2811	2786	2991	2739	3045	2896	2870	2749	2692	2679	2611	2892	2999	3009	2845	2806	2599	2862	2970	3040	2816	2755	2893	3009	2482	2878	2713	2742	2785	2704	2690	2557	3129	2817	2670	2774	2592	2773	2638	2701	2714	2799	2636	2650	2975	2803	3014	2958	2912	2743	2684	2843	2802	2775	2560	2765	2821	2914	2761	2583	2716	2983	2953	2587	2853	2804	2604	2544	2733	3039	2860	2890	2697	2666	2930	2942	2837	2767	2802	2812	2568	2811	2545	2703	2817	2794	2817	2725	2935	3005	2673	2919	2808	2842	2637	2618	2626	2759	2796	2675	2737	2848	2910	2999	2600	2772	2790	2823	2519	2716	2512	2794	2796	2767	2612	2740	3268	2884	2603	2757	2758	2795	2705	2647	2693	2435	2460	2693	2496	2731	2873	2891	2723	2893	2855	2712	2509	2840	2427	2569	2505	2637	2639	2714	2889	2628	2616	2648	2594	2492	2463	2670	2461	2360	2503	2455	2450	2713	2800	2683	2454	2547	2461	2427	2306
4/22/2016 7:45:00 AM	40.0833333333333	3035	2633	3068	2822	2768	2730	2772	3190	2945	2987	2818	2905	2747	2813	2929	3046	3228	2935	2872	2834	3447	3373	3200	2965	3093	2943	3129	2852	3236	3134	3080	2884	3322	3143	3056	3256	3418	3290	3279	3163	3208	2836	3179	2973	3262	2804	2956	2934	3032	3353	3363	3045	2893	3068	3069	2765	3279	3319	3080	3063	3103	3054	3374	3313	3338	2969	3138	3150	3085	2924	3151	3215	3493	2935	3261	3282	3175	3732	3472	3171	2956	3466	3406	2797	3093	3234	3340	3006	3168	3418	3351	3592	3265	3254	3308	3184	3456	2778	3023	3192	3250	3525	3457	3155	3440	3607	3395	3048	3336	3018	3334	3038	3614	3416	3245	3356	3185	3258	3228	3616	3924	3318	3369	3067	3365	3079	3351	3248	3327	3391	3386	3221	3280	3531	3467	3288	3464	3178	3362	3074	3596	3287	3209	3381	3316	3582	3383	3749	3446	3497	3315	3252	3205	3115	3395	3655	3561	3393	3418	3150	3481	3629	3714	3344	3379	3463	3587	2904	3403	3248	3280	3407	3292	3237	3121	3745	3438	3152	3338	3140	3369	3085	3239	3303	3397	3161	3235	3602	3354	3661	3637	3477	3233	3205	3353	3257	3257	3139	3331	3415	3470	3354	3083	3252	3612	3497	3148	3363	3336	3001	3044	3332	3739	3430	3504	3307	3233	3593	3547	3399	3325	3311	3388	2971	3352	3138	3221	3391	3353	3470	3224	3511	3654	3228	3511	3341	3362	3157	3191	3122	3363	3298	3182	3351	3472	3521	3586	3141	3330	3400	3377	3059	3218	3020	3389	3388	3342	3144	3239	3971	3481	3169	3326	3339	3340	3181	3180	3211	2906	3014	3206	3019	3212	3505	3563	3301	3466	3388	3248	2920	3364	3014	3143	3021	3159	3105	3216	3445	3200	3215	3125	3146	2976	2781	3119	2894	2758	2907	2899	2886	3190	3332	3116	2902	2992	2986	2875	2685
4/22/2016 11:45:00 AM	44.0833333333333	3765	3337	3798	3510	3438	3366	3347	3937	3586	3711	3525	3655	3449	3356	3622	3861	4143	3753	3682	3604	4384	4302	4045	3742	3861	3721	3943	3498	4023	4007	3901	3705	4186	4002	3907	4153	4376	4141	4197	4032	4063	3457	4007	3737	4240	3709	3877	3813	3875	4366	4224	3918	3742	3923	3932	3396	4200	4339	3949	3834	4012	3927	4339	4382	4313	3823	3956	4022	3918	3601	4020	4170	4470	3733	4166	4255	4060	4788	4406	4101	3772	4444	4251	3410	3867	4146	4230	3798	4101	4301	4388	4613	4171	4190	4221	4109	4377	3519	3834	4146	4275	4591	4468	4123	4332	4717	4335	3860	4237	3801	4272	3815	4641	4393	4167	4210	4070	4212	4241	4598	4988	4214	4332	3975	4210	3850	4344	4215	4317	4290	4307	4179	4219	4543	4448	4247	4460	4084	4287	3798	4602	4161	4149	4286	4305	4605	4358	4824	4555	4556	4310	4198	4119	3969	4421	4661	4531	4303	4424	3960	4516	4648	4715	4404	4331	4480	4698	3599	4315	4160	4279	4359	4155	4162	4027	4874	4448	4099	4268	3907	4292	3958	4109	4192	4334	4094	4165	4547	4296	4719	4713	4527	4222	4024	4299	4101	4153	3942	4285	4376	4471	4251	3959	4210	4660	4425	4034	4314	4155	3798	3849	4272	4799	4425	4447	4194	4019	4560	4471	4352	4254	4269	4255	3739	4345	3979	4163	4365	4434	4404	4079	4546	4690	4188	4424	4222	4288	3894	4071	4089	4303	4340	4054	4270	4463	4333	4641	4071	4202	4388	4274	3808	4104	3901	4316	4251	4318	4083	4146	5054	4385	4036	4222	4204	4244	3980	4060	4105	3784	3879	4121	3864	4131	4436	4630	4293	4381	4344	4159	3658	4299	3877	4013	3828	3998	3967	4134	4393	4064	4047	4011	3864	3735	3537	3854	3613	3487	3730	3698	3522	4096	4214	3927	3727	3780	3702	3567	3217
4/22/2016 3:45:00 PM	48.0833333333333	3830	4079	4767	4259	4188	4304	4073	4696	4331	4748	4204	4451	4121	3967	4343	4769	4967	4543	4552	4261	5232	5222	4941	4451	4528	3815	4491	4301	4815	4884	4578	4206	5111	4777	4624	5028	4796	5357	5087	4872	4953	4318	4414	4559	5077	4371	4191	4515	4633	5384	5380	4694	4489	4393	4729	4111	5303	4467	4643	4735	4784	4782	5213	5233	4754	4517	3990	4694	4641	4495	4372	4957	5333	4640	5136	5148	5049	5716	5248	4927	4531	5295	5030	3847	4693	4997	5188	4885	4981	5127	4758	5464	5049	5116	5045	4927	5378	4294	4662	5034	5130	5511	5324	5242	5173	5845	5203	4607	5046	4300	4433	4323	5613	5455	5170	5140	5043	5113	5079	5620	5833	5067	5206	4750	4629	4705	5459	5040	5126	5141	5196	4950	5139	5495	5289	4729	5346	5265	5070	4585	5800	4126	4903	5216	5220	5516	5209	5724	5748	5854	5442	4975	5013	4746	5213	5560	5784	4744	4784	4886	5260	5522	5623	5208	5103	5362	5910	4554	4760	4941	5006	5611	4926	4995	4725	5741	5672	4821	5177	4883	5073	4754	4937	4516	5247	4832	5026	5683	5070	5554	5488	4744	4990	4456	5121	5207	4888	4662	4712	5150	5375	5441	4714	5255	5549	5354	4477	5136	5067	4287	4630	5095	5670	5357	5297	4951	4903	5569	5468	5169	5016	5257	5289	4406	5202	4813	4993	4614	4820	5314	5041	5374	6022	4937	5298	5069	5082	4715	4024	4822	5052	5233	4912	5087	5407	5233	5398	4834	5035	5157	5449	4803	4880	4636	5040	4371	4694	4691	4846	6047	5315	4086	4244	4985	4713	4764	4431	4862	3824	4598	4842	4517	4926	5184	5415	5036	5265	5196	4981	4343	4332	4586	4683	4612	5161	4614	4979	4422	4936	4904	4733	4598	4579	4274	4228	4362	4107	4400	4011	4240	4919	4958	4817	4387	4111	4499	4406	3911
4/22/2016 7:45:00 PM	52.0833333333333	3669	4878	5842	4956	4917	5032	4731	5484	5012	5612	5035	5230	4859	4580	5111	5846	5843	4899	5618	4792	6265	5956	5824	5407	5105	3655	5180	5061	5729	6032	5115	4772	6200	5446	5648	6079	4856	6167	6183	5836	5896	5238	5233	5620	6009	5259	4931	4898	5679	6662	6671	5587	5408	4481	5701	4807	6119	4280	5624	5787	5239	5882	6449	6355	4837	5456	3779	5203	5643	5409	5198	5985	6438	5789	6224	6482	6194	6942	6275	6066	5363	6370	5758	4299	4985	5413	6512	5867	5995	6276	5712	6546	6063	5699	6019	5802	6522	5115	5268	6036	6143	6595	6417	5897	5900	7165	6413	5623	5999	4823	4329	4438	6568	6607	6401	6264	6334	6360	6088	6942	7083	6349	6127	5547	4746	5487	6495	6273	6345	6245	6354	6011	6300	6684	6423	5688	6482	6058	6215	5223	6754	3899	5981	6342	6409	6723	6308	7009	6810	6792	6371	6144	6224	5557	6189	6531	6540	4846	5876	6041	5959	6482	6976	5978	6221	6522	6699	5366	5010	5857	6271	6402	5960	5927	5387	6809	6489	5952	6247	6004	6177	5497	5939	5488	6469	5969	6135	7099	6145	6765	6798	4554	6051	4588	5747	6249	5447	5720	5840	6156	6492	6421	5710	6464	6832	6586	5496	6282	5870	4757	5477	6225	6925	6615	6266	6019	6035	6817	6755	6394	5834	6396	6458	5261	6258	6020	5979	5669	4918	6482	6368	6102	6903	6049	6392	6043	6022	5670	3872	5581	6116	6393	6102	6295	6639	6486	6596	5821	5769	6216	6219	5420	5712	5312	6253	4186	4823	5341	5781	7470	6451	3920	4064	6085	5259	5580	5380	5708	3657	5479	5884	5202	5901	6376	6278	5835	6361	6280	5980	5180	4142	5499	5801	5581	6247	5630	5866	4207	6120	5910	5785	5625	5676	5053	4756	5265	4767	5238	4375	4894	5831	5976	5413	5324	4352	5481	5252	4604
4/22/2016 11:45:00 PM	56.0833333333333	3659	5840	6849	5984	5909	5724	5560	6439	5700	6537	6020	6322	5836	5228	5996	7296	7047	5267	6898	5225	7712	6184	6882	6676	5556	3567	5732	6077	6940	7261	5474	5728	7473	5941	6973	7598	5011	6871	7796	7409	7057	6133	6015	6978	7076	6586	5621	5364	7157	8235	7869	6731	6839	4582	7095	5871	6911	4209	7114	7166	5759	7306	8261	7930	5050	6523	3780	5629	6995	6518	6069	7452	8107	7034	7738	7906	7675	8655	7532	7719	6459	7943	6716	4720	5377	5904	7948	6894	7657	7723	6429	7887	7519	6119	7671	7272	8079	6255	6174	7546	7894	8115	8064	6648	6507	8695	8011	7072	7214	5878	4298	4628	7808	8254	7819	7314	7928	8025	7696	8477	8434	7882	7550	6733	4832	6618	7666	7784	7932	7917	8000	7636	7940	8394	8378	6896	8123	6867	7760	6035	7840	3839	7542	7957	8097	8426	7879	8894	7845	7771	7128	7675	7751	6842	7652	7731	7321	5073	7124	7557	6578	7892	8634	7002	7878	8241	7475	6252	5191	7035	8059	7192	7452	7044	6671	8484	7363	7696	7771	7333	7681	6569	7246	6635	8030	7538	7688	8467	7247	8533	8476	4509	7661	4669	6784	7504	5957	7141	7005	7298	8101	7439	7075	7611	8503	8081	6618	7765	6232	5318	6457	7716	8649	8264	7878	7098	7475	8420	8230	8038	6774	7758	7838	6570	7751	7405	7036	6721	5008	8228	7884	6505	7646	7633	7996	7212	7223	6818	3733	6685	7428	7944	7640	7748	8090	7915	8317	7369	6268	7897	6844	5947	7038	5594	7917	4109	4941	6401	7027	9057	7875	3839	3943	7660	6111	6743	6234	6943	3561	6514	6976	6347	7560	7824	7772	6999	7846	7773	7502	6038	4002	6642	7167	7014	7258	7171	7220	4060	7378	7258	6880	6942	7070	6163	5498	6441	5540	6432	4910	5641	7073	7314	5828	6489	4913	6652	6053	5292
4/23/2016 3:45:00 AM	60.0833333333333	3589	6436	7574	6905	6993	6342	6557	7392	6662	7180	7050	7474	6956	5648	6407	8305	7374	5525	8039	5755	8996	6282	7386	7920	6196	3579	5907	7089	8008	8063	6019	7388	8537	6423	8125	8858	5130	7381	9117	8562	8037	6662	6356	8218	7451	7621	5834	5621	8407	9311	8437	7349	8203	4717	8465	6857	7531	4344	8393	8290	6017	8666	9626	9194	5192	7269	3820	6176	8142	7468	6342	8733	9427	7830	8646	8728	8557	9935	8797	9039	7215	9223	7659	4840	5603	6169	8786	7551	9004	8869	6747	8478	8886	6737	9015	8589	9461	7359	7287	8887	9248	9478	9419	7165	6967	9427	9261	8329	7930	7214	4387	4788	8972	9391	8693	9184	8842	9124	9144	9214	9642	9310	8942	7921	5026	7802	8483	9055	9214	9083	9215	9032	9302	9607	9789	7500	9477	7519	9001	7059	8406	3969	8767	9188	9329	9686	9081	10174	8373	8406	7576	8867	8884	8113	8856	8054	7939	5174	7428	8761	7214	8880	10124	8024	9057	9645	8094	6880	5319	8103	9404	7777	8519	7410	7787	9741	7816	8940	9152	8188	8963	7108	8501	6904	9337	8845	9065	9342	7553	10007	9876	4707	9047	4731	7695	8580	6509	8214	7463	7660	9424	7999	8459	8236	9848	9499	7127	9187	6375	5502	6851	8856	9888	9522	9269	7441	8749	9807	9610	9403	7743	8569	8554	8096	9023	8052	7379	7160	5213	9453	9101	6700	8231	8906	9347	7668	7748	8128	3703	7014	8397	9168	9014	8906	9171	9281	9439	8714	6373	9176	7436	6406	8203	5777	8950	4368	5087	7354	7781	10454	9215	3898	3964	8930	7548	7960	6754	8056	3613	6795	8625	7392	9099	9176	8728	8103	9210	9013	8815	7113	4066	7567	8431	8377	7741	8454	8418	4084	8327	8189	7330	8153	8101	7154	5842	7645	6129	7573	6094	6536	8367	8410	6172	7693	5879	7633	6595	6103
4/23/2016 7:45:00 AM	64.0833333333333	3633	6654	7901	7458	7955	6610	7262	8217	7173	7553	7914	8382	7877	5732	6610	8859	7489	5606	8549	6260	10106	6191	7761	9048	6809	3734	5956	7884	8747	8322	6480	8201	9347	6765	9027	9972	5302	7571	10269	9463	8828	6909	6420	9266	7605	8516	5902	5691	9621	9776	8654	7842	9356	4972	9563	7773	7769	4798	9360	9341	6056	9745	10768	10438	5406	7650	3995	6711	9026	7997	6477	9905	10568	8211	9003	8966	8769	11105	9490	10102	7610	10350	8248	4899	5698	6264	9235	7855	10122	9594	6429	9080	10038	7148	10421	9739	10658	8436	8009	9958	10519	10645	10672	7485	7419	9652	10579	9507	8437	8142	4749	5010	9666	9978	8946	10464	9150	9816	10314	9538	10302	10521	9951	8651	5180	8739	8802	10097	10295	10286	10514	10153	10499	10632	10736	7748	10593	7669	10286	7668	8755	4097	10115	10443	10617	10919	9715	11493	8653	8661	7868	10174	9995	9079	9758	8177	8161	5439	7614	9862	7582	9723	11430	8720	10382	10829	8375	7057	5533	8712	10675	8093	9524	7649	8482	10379	8218	10230	10444	8492	10106	7374	9524	6940	10634	10039	10324	9558	7871	10962	11172	5149	10194	4918	8389	9063	7094	9187	7807	7883	10726	8249	9638	8395	11009	10857	7336	10458	6304	5574	7086	9905	11045	10609	10251	7623	9786	11047	10753	10687	8342	8841	8863	8807	10175	8424	7563	7329	5415	10776	9942	6647	8513	10013	10723	7937	7987	9236	3861	7202	9047	10101	10118	10386	10198	10614	10411	9886	6324	10312	7600	6572	8989	5734	10266	4851	5296	7908	8158	11542	10147	4052	4131	10199	8822	8896	6878	8655	3703	7020	9725	8073	9898	10372	9283	8739	10395	10056	9881	7941	4357	8172	9464	9448	8058	9410	9476	4195	8493	8923	7668	9210	8573	7987	5960	8585	6425	8501	7102	7311	9272	9310	6457	8580	7017	8195	6873	6827
4/23/2016 11:45:00 AM	68.0833333333333	3744	6818	8047	7957	8707	6800	7939	8936	7684	7747	8767	9123	8545	5897	6763	9191	7570	5595	8770	6669	11293	6211	8184	10197	7158	3920	6002	8650	9309	8426	6882	8442	10111	7032	9892	11327	5506	7594	11494	10307	9473	6938	6546	10555	7655	9302	5923	5699	11047	10161	8775	8436	10673	5163	10938	8748	7816	5231	10513	10453	6088	10852	12048	11720	5607	8093	4120	7160	10125	8382	6460	11263	11767	8406	9121	9031	8899	12364	9882	11162	8104	11631	8758	4880	5636	6248	9352	8025	11467	10417	6790	9665	11387	7436	11728	10823	11899	9314	8295	11373	11833	11933	11960	7549	7695	9729	11966	10758	8937	8537	5138	5284	10144	10452	9020	11705	9272	10253	11705	9496	10753	11813	10925	9112	5370	9620	8915	11094	11602	11567	11963	11506	11923	11855	11682	7923	11942	7792	11623	8064	8910	4382	11434	11937	11669	12326	10406	13133	8808	8701	8065	11422	11091	9868	10848	8244	8330	5636	7787	10752	7796	10191	12898	9109	11629	11948	8523	7232	5781	9260	12045	8213	10537	7757	8663	10982	8287	11600	11631	8564	11350	7626	10722	7042	11969	11378	11731	9530	8037	11837	12705	5684	11593	5118	8814	9411	7463	10150	8078	7870	12081	8263	10975	8675	12473	12060	7570	11716	6235	5574	7317	11023	12179	11850	11282	7872	10931	12285	11884	11992	8938	8858	9135	9418	11236	8518	7770	7414	5537	12108	10502	6552	8630	11472	12036	8391	8360	10358	4029	7351	9359	11079	11141	11593	11061	11883	11336	11242	6270	11555	7805	6711	9719	5724	11410	5197	5486	8429	8602	12687	11075	4268	4283	11459	9228	9797	7089	9061	3921	7196	10922	8358	10762	11677	9825	9095	11523	11038	10965	8621	4648	8901	10628	10567	8198	10131	10303	4349	8705	9691	8178	10496	8924	8713	6011	9329	6678	9457	7484	7546	10127	10296	6588	9676	7468	8362	7039	7308
4/23/2016 3:45:00 PM	72.0833333333333	3831	6852	8177	8377	9428	6902	8536	9447	8002	7921	9503	9955	9174	6118	6942	9530	7583	5531	8962	6924	12274	6134	8434	11183	7493	3918	5932	9384	9841	8477	7260	8619	10718	7024	10667	12171	5497	7842	12315	11086	9989	6933	6624	11522	7758	9980	5866	5404	12178	10322	8984	8918	11813	5387	11962	9460	7916	5288	11460	11276	6019	11848	13068	12863	5846	8470	4182	7467	11185	8646	6561	12211	12817	8435	9140	9059	8979	13473	10346	11877	8391	12575	8944	4902	5642	6238	9322	8223	12500	11114	6838	10169	12460	7563	12873	11891	12844	10080	8442	12568	13079	12974	13078	7709	7651	9773	13233	11998	9278	8800	5288	5402	10650	10787	9115	12859	9326	10439	12932	9651	11213	12974	11923	9481	5495	10478	9132	11708	12585	12644	13151	12541	12967	12787	12441	8176	13103	7905	12543	8350	8966	4345	12571	12961	12322	13318	11219	13965	8867	8860	8101	12532	11632	10669	11702	8322	8428	5837	7902	11495	7876	10534	14004	9351	12754	13066	8608	7224	5943	9618	13104	8210	11382	7825	8941	11655	8383	12443	12618	8619	12461	7912	11720	7149	13070	12379	12817	9600	8167	12534	13647	5865	12896	5164	9143	9680	7866	11031	8324	7895	13245	8497	11966	8817	13404	13153	7788	12817	6219	5524	7537	11965	13252	12569	12287	8126	11934	13373	12864	13180	9146	8930	9311	10057	12242	8512	7883	7505	5619	13037	10912	6477	8678	12674	13079	8883	8772	11230	4041	7471	9684	12000	12035	12559	11777	13070	12214	12406	6225	12553	7805	6752	10394	5638	12451	5228	5600	8617	8912	13512	11968	4301	4373	12484	9583	10745	7201	9355	3959	7320	12104	8588	11347	12770	10252	9307	12699	11986	11897	9189	4715	9445	11729	11597	8289	10863	11182	4360	8706	10258	8659	11535	9116	9432	6039	10111	6831	10323	7692	7741	11035	11213	6734	10588	7671	8606	7016	7773
4/23/2016 7:45:00 PM	76.0833333333333	3807	6842	8332	8715	10017	7077	9020	9984	8194	8033	10050	10746	9776	6254	7226	9895	7746	5546	9158	7154	13047	6041	8909	11892	7698	3827	5914	9886	10413	8414	7368	8444	11251	6966	11262	13143	5621	7759	13088	11699	10447	6995	6683	12338	7811	10530	5846	5658	12875	10421	9079	9456	12536	5497	12833	10157	8061	5186	12051	11948	6035	12595	13614	13835	6042	8733	4096	7660	11920	8918	6602	12986	13406	8407	9121	8980	8882	14348	10741	12333	8661	13437	9240	4862	5589	6175	9359	8303	13504	11538	6769	10657	13177	7465	13714	12807	13610	10874	8714	13376	13894	13703	13801	7669	7702	9771	14102	12736	9534	8606	5118	5585	11082	11151	9020	13814	9310	10487	13795	9538	11626	13788	12719	9912	5540	11149	9275	12169	13363	13389	13969	13429	13885	13420	12918	8373	13914	7979	13376	8618	9097	4195	13453	13790	12863	14174	11730	14804	8998	8980	8198	13416	12067	11281	12453	8414	8359	6044	8024	11931	7766	10833	14885	9579	13577	13925	8578	7273	6066	9958	13857	8261	11963	7934	9355	12188	8383	13116	13538	8608	13205	8146	12377	7288	13816	13153	13632	9574	8468	13085	14603	5594	13798	5278	9253	9908	7966	11729	8563	8007	14012	8446	12770	8982	14317	14024	8008	13640	6172	5522	7759	12770	14019	13333	13191	8476	12597	14000	13586	13945	9436	8949	9564	10413	13003	8500	7908	7618	5700	13902	11534	6400	8821	13578	14034	9333	9213	12037	3939	7464	10088	12568	12857	13371	12244	13846	12881	13154	6138	13432	7842	6796	10900	5628	13317	5116	5633	9006	9243	14257	12698	4115	4296	13425	9446	11411	7335	9693	3823	7416	12939	8925	11866	13612	10480	9638	13607	12755	12741	9651	4617	9888	12548	12373	8585	11164	11950	4204	8750	10746	9154	12316	9222	10012	6211	10908	7064	10993	7645	7938	11801	11761	6785	11327	7713	8651	7069	8108
4/23/2016 11:45:00 PM	80.0833333333333	3785	6817	8505	8982	10414	7145	9427	10409	8299	8116	10617	11344	10118	6304	7416	10322	7815	5484	9314	7381	13537	5950	9311	12660	7836	3689	5799	10403	10902	8382	7409	8290	11624	6989	11766	13819	5684	7814	13586	12165	10789	6931	6725	12945	7956	11041	5778	5637	13551	10646	9268	9860	13336	5603	13484	10769	8015	4776	12752	12449	5962	13288	14335	14489	6157	9030	3957	7822	12492	9284	6698	13655	13864	8413	9173	8908	8884	14979	11019	12869	8970	14120	9497	4840	5551	6157	9370	8474	14300	11851	6690	11090	14036	7594	14574	13520	14104	11599	8964	14023	14584	14413	14499	7757	7620	9688	14874	13571	9834	8502	5016	5768	11417	11642	8944	14376	9392	10689	14515	9456	11893	14514	13516	10294	5536	11781	9458	12476	14067	14168	14811	14281	14679	14045	13370	8609	14651	8069	14054	8691	9184	4062	14143	14465	13362	14786	11979	15648	9025	8977	8189	14166	12423	11881	12982	8517	8466	6162	8054	12382	7676	11080	15697	9887	14283	14398	8578	7207	6167	10137	14395	8382	12514	7999	9837	12582	8454	13792	14197	8585	13989	8390	13003	7364	14588	13856	14338	9491	8713	13494	15273	5355	14596	5271	9472	10345	7981	12189	8703	8090	14699	8546	13455	9055	14884	14797	8284	14385	6068	5425	8066	13385	14734	13702	13923	8726	13436	14563	14251	14751	9689	8935	9733	10700	13757	8358	7970	7676	5668	14538	11904	6332	8834	14123	14800	9676	9534	12670	3825	7585	10407	13111	13645	14061	12723	14481	13396	14063	6019	14227	7840	6739	11443	5626	13801	4954	5646	9058	9451	14778	13067	3951	4094	14119	9322	11957	7514	10085	3729	7624	13704	9178	12191	14254	10782	10011	14279	13377	13417	10014	4510	10250	13081	13056	8497	11412	12668	4022	8784	11081	9519	12995	9337	10369	6250	11349	7228	11759	7673	8246	12409	12370	6792	11841	7523	8700	7006	8356
4/24/2016 3:45:00 AM	84.0833333333333	3754	6791	8741	9397	10776	7416	9710	10761	8481	8354	10970	11838	10510	6497	7559	10787	7998	5467	9593	7347	14130	5844	9621	13183	7959	3570	5800	10810	11262	8440	7517	8103	12016	6902	12219	14445	5583	7850	13985	12705	11168	6839	6744	13561	8113	11523	5709	5585	14286	10941	9281	10334	13952	5762	14209	11278	8104	4668	13394	13011	5943	13831	14867	14902	6221	9370	3801	7917	13027	9639	6657	14388	14679	8384	9234	8905	8796	15773	11447	13460	9333	14786	9612	4797	5502	6108	9496	8652	14985	12489	6568	11588	14750	7595	15263	14240	14588	12014	9249	14719	15210	15048	15172	7744	7517	9594	15615	14283	10134	8303	4791	5798	11792	12260	8874	14993	9382	11013	15138	9421	12185	15087	14078	10649	5649	12194	9610	13004	14572	14739	15450	14927	15229	14453	13645	8743	15310	8130	14787	8941	9295	3958	13029	15040	13781	15423	12592	16362	9099	9136	8265	14734	12984	12325	13528	8630	8409	6283	8054	12803	7574	11437	16295	10042	14724	14899	8645	7170	6200	10330	15014	8395	12936	8109	10316	13042	8458	14339	14934	8523	14568	8683	13510	7346	15177	14387	14939	9391	8986	13791	15963	5104	15276	5260	9665	10756	8097	12569	9014	8127	15234	8539	14154	9267	15523	15456	8560	15061	6066	5327	8333	13941	15158	14357	14537	8999	14110	15125	14712	15269	9767	8862	10026	10906	14298	8337	7935	7601	5681	15063	12472	6298	8796	14936	15432	10103	9865	13195	3719	7676	10692	13596	14203	14756	13079	15060	13993	14585	5898	14737	7858	6674	11911	5657	14514	4631	5620	9321	9803	15505	13782	3782	3927	14842	9177	12531	7626	10409	3549	7695	14334	9602	12479	14883	11009	10311	14687	14004	14030	10444	4425	10709	13826	13552	8746	11574	13315	3914	8777	11437	9969	13645	9529	10815	6328	11761	7468	12193	7398	8387	12858	12841	6765	12393	7522	8879	6973	8539
4/24/2016 7:45:00 AM	88.0833333333333	3658	6648	9110	9675	11156	7658	10003	11127	8633	8701	11506	12469	11022	6568	7784	11403	8160	5447	9912	7448	14656	5925	10062	13823	7982	3433	5735	11172	11640	8557	7529	7930	12328	6835	12676	14928	5558	7799	14592	13249	11587	6822	6748	14185	8313	12026	5635	5601	14810	11313	9663	10799	14623	5805	14805	11719	8103	4476	14192	13467	5887	14357	15347	15537	6312	9713	3628	7919	13613	10152	6702	14945	15307	8324	9372	8840	8697	16376	11879	13948	9649	15299	9813	4765	5422	6013	9585	8746	15752	13000	6500	12004	15493	7522	15917	15022	15255	12625	9683	15220	15705	15736	15716	7704	7454	9507	16197	14805	10489	8087	4648	5856	12125	12797	8782	15498	9587	11439	15837	9355	12561	15680	14795	10959	5484	12710	9929	13414	15226	15217	16007	15634	15574	14880	14050	9037	15978	8223	15381	9111	9405	3721	15376	15586	14153	15913	13052	17029	9276	9050	8175	15330	13420	12743	13888	8886	8465	6385	8168	13239	7545	11809	16992	10291	15371	15452	8689	7107	6239	10645	15602	8366	13330	8224	10702	13453	8502	15045	15486	8464	15142	9001	14117	7386	15759	15044	15473	9362	9240	14112	16474	4920	15929	5272	9977	11285	8083	13229	9207	8183	15924	8671	14702	9521	16047	15940	8818	15599	5975	5316	8629	14452	15532	14797	15329	9266	14610	15609	15240	16014	10095	8881	10541	11090	14891	8279	8097	7690	5636	15798	13201	6178	8860	15544	15882	10566	10213	13745	3484	7666	11089	14133	14773	15297	13489	15635	14546	15278	5802	15322	7861	6644	12378	5534	15021	4536	5645	9512	10131	16000	14338	3689	3751	15398	8832	13030	7799	10767	3395	7716	14999	10081	12647	15539	11327	10752	15514	14635	14586	10913	4351	11019	14303	14115	8871	11885	14015	3792	8850	11933	10296	14283	9971	11199	6450	12112	7737	12743	7294	8765	13335	13312	6777	12845	7294	9141	6948	8694
4/24/2016 11:45:00 AM	92.0833333333333	3623	6592	9497	9990	11596	7928	10394	11530	8735	9066	11932	12951	11344	6679	7958	12065	8421	5367	10310	7511	15256	5853	10410	14277	8058	3273	5659	11592	12202	8819	7596	7630	12747	6764	13193	15638	5564	7840	15101	13796	11970	6773	6801	14659	8485	12492	5558	5488	15493	11898	9872	11210	15113	5868	15470	12203	8126	4270	14868	13892	5875	14992	15977	16084	6462	10063	3471	7977	14211	10698	6635	15526	15574	8243	9539	8777	8651	16874	12175	14482	10072	15830	10021	4701	5303	5995	9844	9078	16526	13509	6399	12442	15999	7359	16499	15760	15778	13358	10011	15725	16184	16347	16176	7671	7459	9475	16733	15323	11031	7857	4530	5880	12562	13473	8781	15957	9823	11961	16412	9312	13043	16235	15409	11333	5485	13342	10198	14207	15691	15900	16658	16265	16218	15484	14501	9243	16440	8217	15922	9356	9590	3645	15912	16172	14832	16457	13465	17490	9263	9146	8208	15836	13989	13356	14403	9186	8448	6369	8125	13874	7397	12254	17633	10595	15970	16122	8604	7024	6218	11066	16186	8410	13762	8384	11178	14023	7449	15570	15964	8380	15669	9221	14756	7426	16340	15480	15986	9323	9456	14514	17086	4711	16752	5301	10125	11965	8189	13847	9458	8321	16400	8681	15442	9949	16721	16493	9185	16325	5896	5281	8901	15044	16190	15260	16050	9634	15311	16189	15828	16631	10253	8847	11047	11330	15515	8209	8325	7780	5645	16284	13801	6118	8857	16037	16625	10923	10716	14348	3442	7788	11220	14627	15426	15823	13910	16119	15010	15886	5783	15871	7834	6652	12860	5547	15491	4287	5496	9757	10476	16394	14854	3513	3616	16081	8652	13577	7910	11163	3363	7881	15608	10476	13133	16142	11684	11242	16118	15225	15050	11287	4185	11496	14978	14631	9083	12150	14819	3625	9032	12248	10615	14879	10392	11691	6484	12480	7961	13265	7118	9135	14115	13884	6723	13447	7110	9575	6852	8874
4/24/2016 3:45:00 PM	96.0833333333333	3487	6561	10011	10381	12120	8363	10733	11946	8921	9469	12440	13608	11792	6796	8206	12752	8671	5331	10850	7563	15926	5862	10817	15042	7964	3184	5615	12081	12665	9132	7544	7547	13306	6748	13883	16141	5514	7952	15679	14310	12431	6699	6762	15106	8762	12999	5473	5436	16121	12421	10154	11662	15689	5928	16072	12697	8153	4109	15614	14450	5835	15514	16374	16619	6370	10454	3430	7948	14899	11308	6632	16177	16181	8152	9736	8649	8659	17291	12702	15021	10429	16487	10278	4624	5208	5862	10089	9337	17338	14072	6282	12857	16570	7301	17045	16534	16346	14055	10462	16513	16811	16761	16874	7737	7332	9406	17253	15890	11336	7681	4361	5890	13130	14194	8655	16883	10167	12623	17107	9180	13377	16880	16264	11755	5468	13950	10665	14793	16248	16469	17094	16915	16885	15962	14767	9585	17173	8222	16680	9662	9726	3476	16554	16677	15290	16997	14040	17984	9226	9265	8265	16482	14780	13909	14928	9382	8383	6486	8194	14448	7418	12646	18233	10867	16602	15432	8601	7057	6176	11525	16745	8364	14446	8622	11670	14664	8545	16248	16703	8425	16260	9602	15283	7479	16893	16088	16337	9194	9756	14993	17646	4620	17364	5284	10354	12689	8148	14491	9797	8464	17091	8768	15952	10158	17308	17096	9515	17028	6029	5197	9120	15691	16694	15769	16898	9963	15867	16733	16414	17097	10459	8723	11542	11657	16091	8211	8556	7761	5643	16845	14625	6178	8910	16660	17333	11388	11128	15083	3353	8020	11752	15191	15977	16301	14343	16550	15481	16465	5769	16593	7890	6637	13470	5571	16047	4216	5466	10044	10906	17038	15420	3416	3522	16783	8535	14147	8050	11441	3299	8053	16018	11018	13426	16736	12194	11747	16819	15830	15941	11762	4091	11904	15563	15176	9439	12397	15524	3531	9172	12660	11065	15504	10893	12203	6636	13100	8276	13971	7048	9589	14788	14491	6801	14072	6955	10060	6892	9016
4/24/2016 7:45:00 PM	100.083333333333	3464	6490	10426	10737	12648	8638	11076	12457	9152	9928	13042	14305	12425	6935	8413	13679	8922	5254	11417	7542	16750	5865	11195	15931	7945	3105	5584	12581	13273	9257	7540	7290	13857	6841	14477	16810	5467	7916	16338	15000	12998	6611	6727	15834	8965	13666	5397	5358	16680	13048	10478	12147	16325	5892	16834	13294	8196	3954	16343	15144	5795	16108	16981	17102	6319	10987	3281	7990	15642	12033	6646	16892	16898	8164	9958	8676	8529	17864	13149	15869	10884	17155	10605	4620	5156	5850	10261	9703	18114	14684	6159	13345	17189	7285	17697	17335	17228	14792	10785	17238	17343	17415	17427	7698	7334	9356	17861	16495	11868	7370	4276	5918	13687	15097	8624	17459	10411	13278	17679	9217	13826	17497	16987	12117	5453	14532	11096	15745	16863	17055	17755	17736	17451	16612	15100	9962	17820	8288	17402	9937	9988	3358	17276	17268	15937	17497	14606	18548	9294	9229	8167	17148	15508	14610	15475	9655	8461	6496	8247	15156	7335	13086	18759	11094	17147	17383	8581	6934	6217	11945	17427	8315	14981	8790	11997	15265	8533	16952	17306	8312	17064	9983	15890	7449	17576	16794	17041	9156	10038	15323	18178	4452	17969	5291	10601	13472	8246	15124	10163	8678	17541	8830	16525	10447	17788	17748	9972	17621	6059	5189	9413	16426	17327	16524	17432	10159	16396	17224	16933	17703	10821	8756	12214	11745	16861	8158	8735	7761	5615	17358	15541	6124	8881	17201	17966	11802	11595	15755	3283	8235	12224	15853	16492	16891	14955	17100	16086	17094	5765	17307	7827	6547	14148	5539	16888	4102	5414	10337	11330	17478	16008	3290	3393	17381	8281	14983	8332	11842	3086	8291	16676	11352	13805	17139	12638	12148	17370	16523	16499	12249	4027	12504	16253	15926	9801	12748	16274	3359	9332	13259	11623	16208	11390	12923	6705	13631	8570	14623	6986	9927	15586	15394	6718	14902	6849	10546	6781	9242
4/24/2016 11:45:00 PM	104.083333333333	3415	6446	10916	11107	13234	8936	11457	13000	9344	10295	13724	15001	13153	7059	8807	14538	9168	5240	12007	7622	17438	5911	11732	16509	8113	3004	5520	13138	13824	9534	7490	7092	14414	6819	15219	17462	5452	7899	17031	15647	13592	6660	6746	16542	9131	14179	5325	5324	17274	13595	10812	12646	17013	5949	17551	13995	7411	3954	17124	15914	5710	16734	17564	17510	6238	11416	3207	7988	16387	12705	6695	17548	17749	8101	10196	8581	8460	18261	13574	16604	11388	17845	10844	4569	5073	5800	10756	10066	18764	15271	6042	13714	17743	7327	18311	18136	17881	15476	11072	17962	18121	18044	17980	7716	7355	9339	18379	17136	12470	7218	4172	5788	14232	16000	8639	17998	10736	13905	18230	9147	14448	18131	17701	12654	5328	15228	11567	16692	17585	17670	18298	18398	17986	17163	15536	10390	18316	8455	18151	10196	10230	3290	17870	17684	16695	17829	15232	18834	9337	9309	8247	17680	16558	15309	16231	9975	8404	6460	8336	16025	7373	13422	19239	11445	17782	18022	8500	6895	6139	12483	18118	8296	15554	8863	12434	15935	8527	17620	17852	8215	17857	10338	16678	7507	18157	17293	17704	9067	10246	15883	18671	4370	18571	5265	11072	14337	8160	15776	10494	8821	18084	8978	17177	10762	18327	18268	10410	18350	5986	5122	9759	17009	17872	17139	18226	10419	16893	17749	17691	18311	11182	8667	12856	12143	17686	8188	8931	7829	5519	17927	16290	6186	8933	17816	18432	12172	12130	16655	3264	8461	12587	16514	16989	17340	15475	17659	16685	17651	5746	18068	7835	6609	14826	5472	17472	4025	5331	10613	11937	17924	16482	3217	3253	18130	8216	15757	8625	12459	3086	8466	17092	11702	14275	17749	12997	12671	18031	17224	17520	12774	3968	13130	16995	16637	10191	13198	17037	3277	9536	13842	12170	17000	12015	13624	6818	14350	8894	15364	6872	10242	16459	16086	6759	15696	6782	11052	6697	9343
4/25/2016 3:45:00 AM	108.083333333333	3380	6325	11413	11600	13883	9278	11895	13578	9620	10711	14543	15789	13908	7111	8983	15472	9390	5186	12618	7558	18066	5839	12191	17243	8101	2947	5476	13786	14637	9789	7578	6996	15164	6802	15799	18011	5298	7873	17690	16477	14297	6623	6833	17027	9303	14715	5270	5281	17809	14182	10857	13037	17648	5933	18136	14738	8308	3891	17718	16611	5610	17277	17898	17898	6130	11950	3084	8013	17087	13448	6685	18175	18505	8104	10540	8561	8407	18527	14250	17305	12002	18260	11120	4541	5035	5719	10971	10298	19442	15938	5983	13943	18155	7322	18775	18841	18872	16461	11439	18586	18562	18424	18387	7571	7366	9238	18764	17660	13030	7054	4051	5802	14937	16814	8526	18570	11155	14689	18636	9121	15023	18566	18322	13234	5402	16062	11964	17657	18172	17982	18758	18901	18497	17760	16073	10842	18939	8484	18844	10484	10453	3166	18380	18266	17312	18164	15876	19155	9527	9420	8269	18245	17470	15922	16975	10171	8337	6326	8395	16705	7411	13786	19613	11899	18149	18521	8512	6854	6142	12900	18761	8364	16118	8992	12875	16463	8583	18194	18383	8210	18585	10671	17619	7595	18609	17699	18272	9065	10465	16235	18954	4226	19186	5216	11324	15180	8144	16486	10966	8948	18392	8933	17596	11182	18636	18679	10896	18921	5876	5097	9975	17538	18262	17777	18862	10643	17207	18245	18258	18726	11432	8606	13552	12442	18302	8141	9128	7969	5437	18366	17013	6138	8889	18334	19059	12616	12500	17418	3138	8583	13074	17150	17532	17679	15917	18023	17454	18111	5790	18683	7818	6483	15540	5495	17923	3845	5225	10894	12430	18309	17162	3198	3209	18707	8041	16672	8874	12824	2948	8638	17576	12178	14865	18057	13416	13086	18544	17991	18194	13461	3901	13758	17482	17190	10410	13476	17834	3234	9714	14461	12639	17764	12565	14324	6910	15083	9226	16102	6702	10495	17145	16918	6764	16542	6724	11597	6658	9430
4/25/2016 7:45:00 AM	112.083333333333	3430	6295	11903	11976	14561	9507	12414	14187	9828	11113	15243	16542	14606	7236	9252	16245	9681	5186	13270	7620	18800	5856	12617	17726	8077	2922	5482	14399	15355	10110	7514	6819	15797	6882	16214	18419	5359	7894	18246	17091	14959	6511	6831	17574	9384	15101	5230	5178	18125	14701	11357	13378	17955	5883	18771	15478	8390	3809	18286	17216	5568	17769	18080	18198	5970	12597	2986	8007	17686	14244	6742	18680	18993	7982	10856	8545	8406	18740	14820	18120	12531	18717	11553	4510	4984	5656	11297	10619	19891	16567	5865	14242	18464	7495	19284	19480	19605	17258	11764	19202	19164	18838	18711	7581	7441	9215	18977	18098	13657	6979	3981	5951	15591	17661	8441	18817	11441	15263	18988	9110	15560	18945	18820	13716	5481	16845	12381	18647	18904	18381	19112	19286	18842	18374	16520	11280	19333	8558	19578	10778	10666	3126	18917	18529	17911	18462	16435	19375	9575	9430	8150	18531	18392	16797	17714	10344	8358	6305	8515	17377	7567	14090	19859	12249	18472	18952	8471	6866	6070	13449	19212	8389	16482	9056	13349	16999	8413	18857	18752	8137	19214	11085	18353	7724	19112	18027	18683	9043	10549	16614	19222	4169	19484	5181	11663	15969	8196	17171	11536	8991	18667	9062	18025	11387	19048	18948	11396	19343	5929	5060	10371	18063	18661	18446	19299	10784	17479	18659	18653	19112	11569	8576	14279	12766	18951	8145	9180	8042	5350	18786	17870	6098	8905	18774	19602	12927	12932	17983	3072	8666	13612	17753	17733	18038	16432	18217	17825	18557	5808	19306	7763	6444	16230	5561	18304	3726	5208	11310	12987	18688	17773	3090	3142	19155	7876	17328	9155	13390	2903	8758	17996	12575	15295	18551	13753	13595	18964	18494	18846	14162	3790	14462	17896	17727	10750	13550	18484	3188	9964	15130	13078	18432	13137	15006	7021	15828	9640	16730	6576	10889	17742	17615	6681	17069	6546	12120	6587	9517
4/25/2016 11:45:00 AM	116.083333333333	3340	6214	12439	12587	15251	9745	12979	14695	10162	11596	15975	17152	15384	7243	9536	16985	9833	5153	13898	7614	19306	5886	13014	18269	7999	2799	5443	15058	16020	10340	7407	6733	16384	7016	16639	18815	5293	7825	18612	17809	15668	6428	6867	17957	9429	15506	5170	5139	18494	15192	11676	13593	18368	5819	19345	16113	8317	3671	18772	17719	5542	18127	18352	18437	5938	13099	2920	7977	18270	14988	6729	19311	19338	7964	11191	8434	8371	18846	15385	18772	13167	19170	11862	4440	4892	5613	11634	10968	20221	17345	5808	14373	18794	7570	19585	20020	20188	18024	12184	19841	19506	19175	18962	7612	7531	9250	19203	18336	14240	6791	3897	5783	16228	18399	8401	19288	11794	15945	19203	9097	16186	19227	19166	14298	5385	17532	12890	19571	19304	18733	19280	19646	19201	18761	16877	11767	19664	8702	20171	11156	10945	3064	19219	18807	18358	18739	17027	19511	9799	9544	8163	19027	19188	17460	18392	10494	8313	6143	8717	17952	7585	14280	20011	12727	18837	19373	8426	6780	6047	13766	19625	8285	16856	9065	13786	17590	8484	19233	19182	8113	19821	11447	18912	7857	19378	18393	19039	8940	10527	16900	19427	4063	19882	5173	12131	16856	8195	17771	12016	9013	18883	9171	18189	11802	19270	19226	11989	19777	5966	5025	10670	18457	18880	18832	19644	10894	17759	18927	19206	19317	12250	8569	14938	13194	19423	8119	9238	8232	5329	18923	18367	6067	8777	18931	19872	13141	13314	18766	3030	8839	14149	18117	17985	18080	16800	18408	18274	18852	5825	19540	7753	6396	16769	5523	18608	3647	5113	11714	13574	18827	18333	2977	3056	19500	7782	18063	9389	13911	2839	8753	18247	12974	15693	18777	14019	14103	19267	19160	19440	14766	3715	15138	18444	18212	11144	14560	18950	3089	10220	15881	13527	19025	13827	15662	7066	16496	9972	17435	6586	11321	18378	18247	6873	17861	6381	12636	6497	9563
4/25/2016 3:45:00 PM	120.083333333333	3277	6158	12909	12929	15867	9968	13364	15255	10438	12032	16680	17795	16018	7253	9759	17795	9956	5064	14552	7649	19714	5840	13416	18669	8058	2774	5384	15773	16601	10715	7386	6672	16991	7165	16934	19147	5244	7839	19102	18529	16571	6356	6870	18481	9520	15713	5101	5080	18641	15668	12043	13825	18653	5725	19778	16699	8404	3659	19153	18134	5522	18485	18606	18557	5845	13757	2848	7896	18728	15787	6716	19732	19767	7875	11511	8414	8321	18915	15903	19258	13762	19401	12259	4432	4835	5523	11997	11275	20502	17879	5750	14484	18927	7653	19715	20424	20882	18686	12705	20414	19817	19396	19122	7577	7638	9181	19378	18551	14872	6622	3870	5788	16843	19259	8459	19592	12214	16567	19343	9040	16672	19397	19530	14968	5305	18077	13363	20190	19732	18918	19591	19782	19533	19084	17059	12351	19939	8758	20594	11513	11140	2941	19496	19161	18798	18945	17437	19665	9935	9718	8153	19315	19896	18093	18837	10609	8193	6063	8874	18635	7734	14367	20020	12993	19034	19636	8386	6775	5978	14129	19860	8258	17046	9051	14207	18111	8470	19546	19418	8019	20433	11867	19635	8001	19682	18647	19272	8902	10557	17018	19693	3955	20136	5175	12413	17647	8161	18493	12661	9031	19054	9294	18462	12193	19352	19453	12627	20210	5889	4903	10914	18842	19050	19253	19955	10941	18001	19214	19509	19586	12740	8471	15666	13475	19953	8160	9290	8427	5228	19145	18904	6038	8857	19288	20231	13344	13676	19332	2986	8945	14682	18408	18220	18334	17289	18639	18365	19140	5781	20033	7667	6351	17156	5446	18929	3550	5074	12096	14016	19047	18783	2863	3016	19870	7563	18681	9634	14513	2824	8799	18537	13534	16081	19015	14236	14469	19770	19602	19910	15368	3699	15721	18809	18642	11511	15019	19458	2995	10530	16554	13899	19542	14505	16313	7143	17079	10380	17978	6353	11709	18996	18892	7001	18387	6385	13179	6417	9492
