Label: MN20160421_X05
Metric: total (H2B-mCh) Count (1/Well)
Cell Type: 
Passage: 1
Notes: MCF10A + 8 LINCS drugs
plating and treatment delays
Analysis Job: MN20160421_X05

Date Time	Elapsed	B2	C2	D2	E2	F2	G2	H2	I2	J2	K2	L2	M2	N2	O2	B3	C3	D3	E3	F3	G3	H3	I3	J3	K3	L3	M3	N3	O3	B4	C4	D4	E4	F4	G4	H4	I4	J4	K4	L4	M4	N4	O4	B5	C5	D5	E5	F5	G5	H5	I5	J5	K5	L5	M5	N5	O5	B6	C6	D6	E6	F6	G6	H6	I6	J6	K6	L6	M6	N6	O6	B7	C7	D7	E7	F7	G7	H7	I7	J7	K7	L7	M7	N7	O7	B8	C8	D8	E8	F8	G8	H8	I8	J8	K8	L8	M8	N8	O8	B9	C9	D9	E9	F9	G9	H9	I9	J9	K9	L9	M9	N9	O9	B10	C10	D10	E10	F10	G10	H10	I10	J10	K10	L10	M10	N10	O10	B11	C11	D11	E11	F11	G11	H11	I11	J11	K11	L11	M11	N11	O11	B12	C12	D12	E12	F12	G12	H12	I12	J12	K12	L12	M12	N12	O12	B13	C13	D13	E13	F13	G13	H13	I13	J13	K13	L13	M13	N13	O13	B14	C14	D14	E14	F14	G14	H14	I14	J14	K14	L14	M14	N14	O14	B15	C15	D15	E15	F15	G15	H15	I15	J15	K15	L15	M15	N15	O15	B16	C16	D16	E16	F16	G16	H16	I16	J16	K16	L16	M16	N16	O16	B17	C17	D17	E17	F17	G17	H17	I17	J17	K17	L17	M17	N17	O17	B18	C18	D18	E18	F18	G18	H18	I18	J18	K18	L18	M18	N18	O18	B19	C19	D19	E19	F19	G19	H19	I19	J19	K19	L19	M19	N19	O19	B20	C20	D20	E20	F20	G20	H20	I20	J20	K20	L20	M20	N20	O20	B21	C21	D21	E21	F21	G21	H21	I21	J21	K21	L21	M21	N21	O21	B22	C22	D22	E22	F22	G22	H22	I22	J22	K22	L22	M22	N22	O22	B23	C23	D23	E23	F23	G23	H23	I23	J23	K23	L23	M23	N23	O23
4/20/2016 2:20:00 PM	0	753	671	691	605	679	639	682	671	830	664	727	626	683	732	826	691	814	683	715	662	721	699	765	665	695	676	765	688	857	763	815	729	798	758	768	789	797	718	812	732	704	776	803	731	757	717	759	797	744	799	850	744	775	729	760	645	836	869	792	785	819	830	914	940	874	741	843	749	750	701	888	756	843	766	833	711	859	828	939	703	792	770	761	650	850	852	917	876	865	739	911	839	933	838	825	779	739	660	971	772	889	777	855	748	817	795	835	746	808	784	799	714	886	807	852	814	869	768	802	877	952	738	867	890	897	728	880	893	911	819	876	758	841	884	913	781	1004	893	937	799	861	850	895	881	886	832	818	897	962	904	924	986	944	841	952	883	948	927	924	831	833	920	866	799	855	934	952	831	895	831	821	838	778	812	782	872	874	782	780	852	922	947	940	841	949	799	877	836	841	895	918	838	853	830	854	775	888	819	809	823	867	815	827	860	845	820	839	785	825	677	878	936	925	860	814	856	860	930	855	778	843	800	806	691	877	801	837	870	890	851	857	918	868	886	864	797	779	724	824	809	795	827	839	745	805	961	876	781	790	741	766	746	874	825	856	817	879	808	888	897	838	841	790	803	753	708	782	830	824	795	729	842	802	862	869	811	816	781	767	759	930	790	803	825	797	751	732	819	807	751	774	752	817	751	843	769	718	759	716	754	748	799	757	796	715	757	829	766
4/20/2016 6:20:00 PM	4	763	702	719	650	687	668	735	694	859	718	735	677	718	735	889	704	828	749	757	710	746	763	802	707	731	721	777	700	853	742	849	741	817	771	786	803	815	730	792	789	749	790	824	737	767	700	793	816	786	822	872	778	779	765	782	677	840	836	809	788	848	813	937	948	887	784	881	804	760	714	887	758	868	816	812	708	847	871	915	738	849	781	774	677	857	838	909	937	853	770	904	872	963	881	879	794	741	679	948	772	890	852	844	742	819	871	874	786	822	836	830	714	851	837	828	851	855	794	800	895	948	773	885	934	910	762	941	900	940	849	934	837	845	903	938	798	1027	893	975	843	880	851	916	933	898	841	851	946	976	915	946	1024	979	883	970	900	962	995	973	864	875	964	944	859	893	951	946	849	868	819	893	870	811	845	859	953	915	809	828	835	969	987	967	842	954	832	908	890	873	992	946	871	847	872	878	836	885	833	842	868	899	836	851	899	879	811	856	821	860	712	886	908	920	932	866	921	849	983	894	804	863	820	824	716	871	782	850	879	908	855	864	926	889	880	866	823	782	730	844	849	795	842	881	796	852	982	906	808	832	781	803	758	818	844	880	847	893	866	888	864	855	855	821	842	775	736	849	869	798	839	749	820	831	888	885	803	813	785	787	748	930	849	859	840	808	811	775	865	832	750	796	786	837	745	827	732	733	763	702	775	789	797	813	810	742	789	834	781
4/20/2016 10:20:00 PM	8	789	743	754	699	731	677	754	752	882	769	763	732	746	748	916	729	816	732	837	708	782	783	824	740	761	742	800	744	906	774	862	755	839	820	786	810	854	763	858	805	746	804	881	770	750	787	843	843	815	858	895	798	818	780	829	696	858	913	821	811	861	855	940	979	922	805	892	817	808	753	926	796	913	832	836	751	871	858	965	773	854	809	797	709	911	895	926	966	861	785	941	927	1012	885	898	834	776	698	979	776	927	856	907	790	876	880	882	806	840	838	841	731	936	860	899	902	868	868	855	919	967	787	920	914	926	779	927	914	947	884	947	815	871	947	962	847	1027	921	1003	859	990	888	938	960	905	832	891	974	1013	990	947	1034	974	886	1010	894	948	966	955	881	897	1012	956	891	872	988	1011	867	909	844	938	909	845	886	853	968	937	825	842	907	978	1003	1009	903	1012	874	941	850	849	1000	985	905	875	874	920	847	932	886	879	912	911	870	903	909	897	857	865	852	880	737	943	921	971	952	899	863	894	1002	940	828	877	843	832	743	931	833	874	923	936	949	876	958	940	930	897	848	793	758	885	887	833	863	898	758	869	1006	948	822	840	803	840	820	877	914	910	904	927	907	952	914	883	858	863	847	781	781	868	906	870	907	822	889	843	912	939	833	846	813	787	804	999	900	872	883	865	844	768	927	871	789	821	808	882	775	880	830	808	830	754	794	815	815	845	829	794	827	878	818
4/21/2016 2:20:00 AM	12	878	853	788	762	772	754	780	804	924	794	830	751	775	778	914	798	867	813	858	770	812	842	889	775	796	779	825	771	983	860	903	813	874	870	840	846	889	823	878	822	770	835	925	813	835	811	846	872	822	899	911	864	869	816	849	735	921	971	840	833	871	910	947	1009	955	828	898	819	837	778	957	812	938	885	852	764	872	884	999	818	884	839	833	714	974	952	966	983	905	796	934	940	1030	927	903	846	811	743	1071	787	962	877	879	810	896	950	920	852	843	860	897	771	980	889	930	877	904	835	864	958	987	797	898	925	931	826	936	946	955	928	949	881	917	996	1030	877	1041	924	1004	852	955	900	936	1004	946	880	944	1017	1061	986	952	1017	989	918	1057	926	980	975	1003	903	913	1006	969	913	908	988	989	903	941	864	914	929	891	910	910	1010	982	849	838	912	1002	1031	1030	926	1037	912	946	902	924	1036	1021	893	921	886	917	849	993	905	924	905	931	899	911	964	922	885	920	868	899	777	928	959	1011	984	905	970	961	1047	974	857	908	849	881	815	950	895	922	953	949	977	920	997	940	945	901	863	846	767	930	908	825	891	950	805	940	1065	969	834	899	839	861	864	912	921	933	909	937	925	1017	954	919	906	860	884	842	786	910	940	905	896	828	886	868	973	964	836	858	836	820	845	1050	959	932	940	880	864	914	927	916	804	884	867	890	808	894	853	840	832	796	860	831	890	921	864	844	828	906	851
4/21/2016 6:20:00 AM	16	927	847	829	770	830	763	854	862	967	852	883	797	817	832	986	823	902	839	909	832	892	892	946	852	880	834	881	819	1014	940	934	859	898	922	867	897	914	880	937	854	816	905	1037	858	863	854	876	918	815	936	952	900	886	898	918	780	1005	1020	886	855	941	939	1013	1066	1001	889	944	834	868	826	1027	894	982	947	918	805	943	979	1021	840	929	869	900	788	1008	963	978	1034	962	890	1011	985	1085	968	905	898	840	803	1096	825	1021	939	963	880	937	964	973	887	862	884	920	828	1012	931	1011	909	912	873	894	992	1066	875	947	965	966	834	987	987	992	966	981	938	957	1027	1051	922	1103	959	1016	909	990	954	959	1020	972	914	1001	1045	1084	999	1000	1067	1019	934	1042	978	1046	1044	986	966	931	1048	1018	952	979	1007	988	896	1090	903	963	967	923	908	967	1052	1025	918	905	913	1033	1035	1059	980	1046	939	962	969	940	1065	1084	991	931	942	941	856	1015	975	937	947	984	943	955	1004	1014	921	914	932	936	819	993	1013	1031	1048	988	1001	989	1109	1037	892	933	915	945	852	1014	921	946	982	975	1036	945	1043	991	957	945	934	885	815	985	955	907	936	964	854	967	1088	1020	896	898	905	876	890	1047	978	1010	1000	985	999	1037	1024	996	967	896	942	884	832	948	1030	970	957	890	943	940	1010	1000	905	903	858	867	864	1137	972	954	1003	935	946	942	984	973	860	908	906	911	834	981	923	885	882	856	920	927	939	952	924	891	894	981	870
4/21/2016 10:20:00 AM	20	1058	973	1035	911	943	894	954	994	1149	991	1031	982	990	992	1150	995	1107	1019	1061	950	1012	1120	1174	1027	1017	989	1035	974	1168	1081	1111	990	1086	1092	1059	1111	1117	1084	1114	1045	1022	1083	1109	1007	1030	1030	1046	1080	1003	1100	1159	1143	1056	1039	1116	949	1099	1265	1052	1042	1090	1123	1187	1279	1232	1104	1140	1038	1068	1007	1259	1016	1212	1068	1097	942	1131	1149	1256	1043	1122	1016	1017	915	1178	1180	1164	1213	1121	1039	1193	1174	1304	1186	1091	1107	1054	965	1214	1009	1194	1129	1146	1031	1117	1187	1174	1066	1084	1071	1130	1002	1164	1037	1138	1070	1128	1070	1040	1179	1226	1042	1130	1146	1172	1065	1149	1132	1129	1116	1152	1111	1136	1211	1274	1101	1342	1154	1228	1109	1144	1115	1138	1237	1138	1095	1202	1273	1297	1202	1179	1281	1219	1112	1156	1183	1228	1170	1207	1117	1128	1263	1270	1188	1195	1254	1220	1108	1235	1053	1110	1115	1111	1075	1132	1277	1258	1094	1077	1131	1248	1247	1238	1132	1221	1091	1171	1107	1121	1305	1301	1176	1142	1175	1171	1072	1238	1100	1088	1107	1170	1109	1127	1166	1230	1151	1146	1080	1135	999	1178	1176	1188	1157	1147	1155	1195	1340	1243	1069	1141	1108	1119	1060	1154	1124	1178	1166	1144	1209	1144	1274	1212	1200	1149	1127	1084	977	1171	1106	1068	1100	1148	999	1132	1304	1212	1026	1105	1072	1071	1092	1235	1174	1252	1190	1170	1139	1232	1228	1178	1179	1114	1144	1064	1020	1148	1197	1145	1152	1050	1093	1115	1184	1228	1090	1097	1067	1047	1064	1256	1191	1126	1209	1139	1107	1191	1211	1211	1035	1168	1108	1130	992	1107	1070	1043	1044	1013	1107	1010	1134	1148	1090	1028	1047	1134	1014
4/21/2016 2:25:00 PM	24.0833333333333	1501	1451	1459	1376	1494	1466	1521	1587	1820	1611	1677	1496	1749	1733	1591	1450	1610	1472	1631	1466	1572	1688	1757	1661	1755	1655	1809	1574	1603	1484	1624	1519	1525	1677	1690	1684	1746	1667	1796	1722	1738	894	1558	1517	1596	1540	1545	1675	1638	1803	1858	1771	1732	1731	1782	1613	1513	1615	1501	1453	1578	1618	1669	1883	1783	1646	1762	1683	1735	1653	1606	1484	1645	1495	1634	1460	1710	1761	1883	1618	1808	1621	1606	1529	1386	1379	1417	1597	1533	1428	1636	1722	1876	1670	1623	1697	1672	1600	1633	1409	1548	1590	1639	1512	1670	1806	1777	1711	1715	1716	1818	1486	1572	1499	1578	1493	1550	1473	1523	1707	1789	1585	1481	1599	1682	1672	1331	1495	1497	1562	1595	1535	1673	1765	1876	1672	1630	1772	1734	1676	1527	1511	1622	1695	1636	1576	1733	1820	1870	1679	1751	1827	1569	1647	1323	1487	1589	1550	1570	1504	1646	1733	1801	1759	1775	1765	1698	1766	1514	1421	1435	1434	1564	1579	1657	1808	1764	1564	1555	1635	1779	1551	1396	1372	1495	1401	1405	1488	1522	1803	1812	1702	1690	1710	1653	1505	1596	1456	1447	1524	1585	1527	1661	1658	1714	1607	1627	1573	1548	1473	1295	1413	1530	1550	1641	1535	1700	1919	1813	1599	1783	1698	1740	1751	1466	1518	1586	1601	1652	1757	1713	1848	1730	1733	1760	1756	1626	1521	1587	1620	1513	1536	1610	1425	1643	1938	1726	1543	1683	1546	1536	1740	1505	1661	1692	1593	1554	1568	1715	1680	1655	1560	1617	1720	1532	1499	1498	1671	1618	1593	1459	1549	1573	1637	1685	1556	1462	1531	1557	1588	1595	1531	1538	1656	1562	1559	1326	1738	1743	1567	1647	1661	1609	1564	1455	1386	1428	1476	1422	1538	1429	1567	1615	1547	1503	1506	1634	1452
4/21/2016 6:25:00 PM	28.0833333333333	1705	1652	1692	1632	1725	1626	1769	1820	2103	1880	1860	1664	1014	1479	1816	1616	1846	1656	1866	1708	1836	1855	2078	1853	1949	1873	1949	1835	1890	1733	1767	1752	1766	1819	1800	1891	2009	1852	2044	1941	766	777	1850	1674	1802	1792	1696	1873	1842	2072	2049	2002	1994	1965	1998	1800	1681	1915	1732	1648	1813	1774	1910	2088	2044	1898	1959	1880	1928	1005	1936	1715	1932	1754	1819	1681	1955	2051	2156	1818	2003	1884	1940	1743	1632	1585	1640	1873	1797	1660	1913	2007	2135	1972	1792	1868	684	1876	1848	1678	1781	1789	1839	1763	1939	2117	2128	1952	1993	1979	646	1739	1812	1727	1820	1687	1740	1738	1777	2012	2091	1826	1683	1722	1955	1969	1527	1795	1756	1821	1804	1844	1931	2064	2149	1989	1861	2128	2032	1949	1832	1685	1926	1924	1843	1844	1945	2034	2088	1960	2015	2201	1844	1884	1532	1715	1856	1827	1842	1759	1893	2028	2133	1945	2052	2064	2030	1909	1802	1720	1705	1639	1822	1808	1837	2104	2048	1863	1818	1886	2035	1835	1632	1581	1726	1700	1600	1769	1761	2106	2149	1964	1963	2005	1939	1748	1824	1811	1758	1824	1862	1802	1895	1942	1942	1935	1934	1825	1858	1760	1505	1650	1887	1855	1851	1824	1978	2200	2164	1877	1982	1959	2081	2018	1776	1732	1851	1924	1931	2061	1952	2147	2050	2031	2055	1959	1878	1820	1888	1831	1736	1750	1953	1671	1957	2310	2063	1829	1936	1875	1841	1960	1827	1936	1948	1832	1821	1815	1976	2021	1967	1879	1870	1984	1880	1797	1780	1959	1906	1796	1697	1699	1824	1960	1978	1812	1826	1799	1879	1897	1893	1765	1832	1825	1822	1778	1650	2032	2034	1856	1937	1965	2006	1836	1697	1631	1660	1705	1614	1792	1727	1904	1943	1902	1862	1838	1897	1752
4/21/2016 10:25:00 PM	32.0833333333333	2059	2006	2053	1965	2071	1941	2087	2151	2441	2209	2314	2006	1320	1547	2250	2008	2213	2049	2259	2062	2230	2320	2507	2293	2433	2256	2436	2237	2300	2135	2250	2135	2078	2228	2256	2387	2491	2368	2552	2375	795	1257	2220	2056	2222	2158	2149	2387	2320	2570	2611	2480	2453	2369	2533	2181	2089	2366	2148	2084	2212	2195	2413	2643	2486	2338	2458	2279	2369	935	2284	2126	2408	2223	2330	2039	2417	2519	2706	2231	2479	2279	2225	2124	2035	2027	2053	2333	2231	2092	2394	2456	2754	2490	2295	2452	831	2244	2309	2035	2204	2232	2326	2130	2323	2599	2497	2401	2586	2386	1167	2203	2149	2087	2139	2122	2173	2095	2191	2486	2569	2237	2227	2250	2493	2443	1912	2107	2053	2276	2218	2158	2417	2513	2752	2361	2470	2546	2609	2390	2194	2076	2316	2445	2288	2283	2461	2502	2609	2397	2456	2697	2386	2329	1938	2172	2288	2253	2273	2184	2320	2471	2648	2515	2563	2599	2602	2389	2153	2071	2065	2126	2263	2169	2267	2585	2575	2299	2340	2371	2578	2315	2096	1981	2189	1994	2067	2177	2198	2622	2701	2419	2479	2443	2421	2107	2290	2198	2127	2191	2252	2182	2379	2343	2557	2354	2374	2278	2349	2128	1934	2071	2207	2262	2271	2238	2454	2748	2659	2287	2481	2411	2502	2393	2216	2251	2223	2249	2232	2458	2292	2746	2489	2491	2517	2438	2354	2097	2290	2187	2113	2124	2305	2051	2391	2762	2555	2259	2415	2311	2257	2385	2207	2409	2384	2314	2239	2187	2413	2491	2369	2329	2366	2467	2299	2182	2178	2373	2322	2327	2106	2102	2318	2384	2442	2285	2180	2235	2248	2321	2287	2162	2238	2233	2244	2151	2027	2508	2611	2272	2446	2371	2407	2141	2064	1983	1943	2067	1932	2082	1984	2243	2293	2135	2161	2179	2301	2018
4/22/2016 2:25:00 AM	36.0833333333333	2532	2413	2507	2436	2464	2450	2439	2590	2914	2669	2805	2487	1608	1817	2769	2493	2789	2543	2793	2564	2766	2808	3069	2751	2879	2803	3018	2708	2885	2677	2771	2589	2762	2763	2748	2861	2988	2811	3131	2888	943	1067	2740	2537	2720	2676	2582	2847	2803	3002	3147	3029	2967	2963	3081	2683	2570	2925	2620	2602	2809	2726	2919	3192	3074	2844	3018	2763	2976	1146	2845	2624	2912	2676	2807	2491	3004	3079	3244	2698	2991	2740	2813	2539	2559	2546	2578	2858	2687	2581	2866	3052	3392	3034	2851	2912	853	2724	2778	2565	2758	2781	2848	2629	2927	3128	3018	2978	2951	2957	1075	2714	2724	2618	2649	2561	2718	2650	2669	3121	3158	2778	2771	2791	3051	2945	2422	2610	2582	2760	2708	2743	2932	3073	3327	2939	3003	3095	3093	2890	2673	2645	2856	2948	2868	2802	2926	3160	3251	2993	3074	3333	2971	2918	2415	2679	2832	2768	2727	2657	2892	3057	3207	3115	3004	3113	3144	2909	2759	2566	2598	2651	2722	2734	2791	3178	3120	2803	2820	2893	3108	2833	2642	2507	2736	2494	2545	2646	2703	3229	3266	2935	3022	2984	2989	2587	2882	2694	2695	2698	2730	2595	2952	2912	3022	2802	2902	2817	2780	2620	2417	2579	2783	2847	2764	2740	3011	3368	3170	2756	2987	2920	3027	2980	2657	2657	2744	2798	2749	3043	2895	3349	3033	3110	3030	2978	2819	2688	2858	2721	2610	2629	2789	2521	2961	3415	3150	2718	2987	2883	2774	2972	2790	2987	2898	2813	2776	2860	2952	3051	2905	2800	2885	2999	2818	2657	2698	2901	2793	2766	2601	2699	2804	2867	2933	2807	2716	2731	2880	2833	2840	2691	2823	2710	2795	2717	2523	3077	3117	2728	2890	2962	2884	2715	2568	2516	2440	2535	2407	2653	2505	2903	2809	2773	2646	2764	2934	2630
4/22/2016 6:25:00 AM	40.0833333333333	2979	2857	2931	2830	2825	2872	2879	2978	3386	3099	3175	2868	1513	2030	3220	2981	3188	2918	3310	3015	3191	3283	3557	3286	3408	3180	3435	3105	3292	3116	3208	3100	3226	3174	3208	3388	3587	3341	3602	3446	1075	1275	3167	2994	3218	3118	3051	3426	3273	3625	3625	3525	3428	3486	3599	3144	2991	3470	3075	3064	3289	3254	3513	3726	3693	3340	3518	3284	3469	1083	3296	3099	3423	3077	3229	2923	3494	3642	3869	3118	3529	3169	3227	2958	3009	3041	3084	3328	3187	3019	3456	3573	3981	3541	3333	3478	3469	3098	3280	3027	3190	3220	3282	3018	3418	3654	3594	3342	3481	3408	1037	3075	3188	3011	3089	2985	3082	3084	3138	3651	3761	3241	3309	3351	3551	3415	2852	3101	2953	3160	3239	3238	3457	3548	3850	3460	3639	3664	3557	3337	3111	3000	3295	3414	3371	3280	3491	3666	3780	3481	3555	3899	3489	3375	2883	3130	3304	3247	3257	3131	3363	3587	3751	3523	3513	3709	3657	3336	3166	3008	2926	3088	3152	3178	3304	3764	3716	3295	3252	3432	3631	3375	3062	2917	3201	2928	3050	3031	3169	3774	3893	3478	3513	3565	3513	3117	3238	3154	3187	3186	3235	3040	3427	3443	3553	3317	3401	3260	3355	3094	2860	3182	3166	3257	3287	3199	3511	4016	3838	3234	3511	3426	3588	3419	3200	3195	3234	3274	3146	3590	3330	3830	3579	3633	3588	3410	3348	3112	3245	3227	3100	3099	3312	2967	3477	3941	3628	3173	3583	3365	3243	3380	3293	3527	3370	3314	3278	3263	3562	3591	3434	3314	3355	3558	3270	3034	3131	3419	3287	3256	3058	3184	3263	3440	3496	3335	3265	3175	3244	3230	3313	3149	3202	3187	3217	3140	3029	3542	3714	3215	3425	3356	3380	3145	2923	2894	2877	2948	2765	3028	2910	3316	3253	3155	3135	3150	3366	2843
4/22/2016 10:25:00 AM	44.0833333333333	3513	3452	3542	3486	3369	3414	3273	3468	3953	3651	3859	3520	1490	2051	3968	3615	4072	3733	4165	3725	3945	4011	4507	3940	4225	4101	4202	3814	4022	3949	4054	3830	4041	4079	4053	4347	4537	4247	4576	4323	898	1660	4032	3741	3997	4046	3920	4263	4030	4402	4735	4532	4333	4308	4509	3856	3709	4368	3885	3830	4165	4031	4427	4776	4666	4277	4511	4109	4431	1489	4128	3801	4241	3879	4073	3657	4450	4536	4932	3900	4504	4062	4067	3600	3708	3840	3943	4234	3968	3851	4393	4561	5051	4620	4179	4372	999	3866	4020	3771	3955	4085	4176	3764	4343	4553	4557	4359	4431	4345	1561	3908	3645	3833	3827	3769	3838	3893	3966	4670	4630	4181	4340	4300	4558	4240	3523	3842	3710	4001	4011	4038	4323	4560	4794	4276	4619	4501	4601	4037	3856	3840	4192	4450	4165	4180	4423	4742	4782	4450	4540	4972	4512	4216	3586	3992	4213	4154	4161	4001	4289	4594	4849	4611	4451	4728	4701	4154	3847	3817	3735	3816	4006	4006	4119	4798	4699	4138	4170	4369	4652	4255	3893	3723	4131	3659	3834	3941	4031	4757	4806	4398	4394	4575	4406	3991	4115	3914	3925	3992	4000	3886	4340	4304	4536	4041	4388	4192	4243	3878	3622	3984	4046	4139	4069	4002	4439	5045	4706	4131	4542	4357	4438	4193	3971	3945	4088	4044	3912	4430	4145	4969	4618	4570	4575	4410	4301	3880	4092	4031	3898	3955	4152	3670	4479	5034	4611	3981	4539	4252	4056	4246	4045	4395	4267	4211	4158	4131	4362	4573	4297	4182	4305	4479	4114	3796	3863	4254	4258	4116	3834	4000	4159	4387	4453	4178	4097	4068	4129	4023	4096	3963	4095	4004	4021	3994	3795	4532	4665	3948	4384	4256	4255	3831	3538	3571	3505	3622	3423	3748	3541	4026	4124	3950	3828	3976	4250	3496
4/22/2016 2:25:00 PM	48.0833333333333	3792	4280	4478	4226	4178	4157	3917	4111	4747	4560	4595	4227	2192	4148	4812	4532	4965	4558	5061	4410	4894	4924	5387	4795	4922	4278	4726	4692	4893	4881	4771	4431	4968	4946	4938	5095	5076	5338	5482	5179	2083	1946	4347	4593	4778	4869	4389	5335	4730	5324	5719	5294	5240	4892	5332	4660	4743	4913	4718	4732	5249	5050	5255	5648	5242	4996	4818	4809	5345	1614	4530	4746	5149	4728	4906	4478	5405	5444	5848	4698	5224	4797	4779	4088	4725	4790	4808	5386	4895	4601	4857	5424	6042	5412	5063	5096	1234	4585	4837	4489	4856	4974	5040	4830	5232	5535	5412	5101	5205	4973	1969	4502	4580	4639	4701	4556	4820	4709	4733	5672	5555	5003	5183	5171	5170	5101	4476	4668	4462	4810	4811	4870	5189	5572	5740	4807	5625	5758	5455	4896	4787	4079	5123	5194	5134	4987	5200	5637	6103	5653	5749	5881	5535	5048	4345	4774	5347	4726	4487	4801	5090	5421	5688	5458	5308	5576	5969	4952	4487	4637	4519	4936	4794	4868	4910	5759	6003	5012	4991	5316	5543	5095	4745	4197	5041	4355	4759	4899	4880	5756	5833	4764	5257	5239	5369	4861	4923	4716	4438	4797	4848	4973	5066	5511	5439	4981	4850	4931	5059	4243	4475	4867	4973	5093	4902	4718	5316	6180	5724	4915	5322	5276	5610	4932	4808	4787	4894	4446	4629	5328	5143	5867	5849	5532	5481	5276	5019	4563	4336	4911	4565	4751	4967	4479	5409	5985	5610	4819	5437	5029	5220	5302	4915	5304	5149	4500	4807	4980	5171	5490	5259	4525	4595	5337	4637	4538	4247	5044	4470	4970	4680	4847	4927	5318	5251	4982	4955	4892	4983	4861	4395	4783	4975	4807	5124	4765	4616	4862	5660	4839	5122	5094	5109	4563	3835	4302	4103	4396	3922	4510	4279	4866	4876	4825	4259	4924	5263	4181
4/22/2016 6:25:00 PM	52.0833333333333	3704	5122	5398	4803	4793	4942	4524	4807	5476	5415	5359	4991	1639	4722	5585	5517	5728	4843	6195	4936	5846	5629	6291	5666	5473	4146	5385	5351	5782	5973	5348	4820	5839	5599	5719	6267	5120	6046	6520	6271	1956	1722	5142	5480	5697	5716	4915	5727	5663	6530	6944	6345	6310	5050	6433	5477	5577	4743	5542	5636	5658	6073	6433	6837	5487	5946	4627	5300	6345	1302	5241	5618	6260	5724	6056	5489	6670	6505	6825	5650	6106	5722	5454	4549	5157	5252	5945	6567	5904	5512	5589	6434	7257	6265	6082	6036	1218	1906	5730	5408	5872	5859	5977	5502	6004	6825	6536	6093	6074	5277	3051	4679	5401	5671	5881	5445	5865	5825	5725	6912	6662	6057	6170	6020	5303	6048	5468	5706	5353	5749	5758	5754	6328	6601	6734	5870	6814	6597	6432	5678	5678	3985	6135	6234	6121	6103	6265	6825	7164	6673	6568	7006	6589	6049	5190	5666	5592	4889	5454	5956	5954	6433	7029	6055	6325	6841	6789	5906	4759	5256	5371	5711	5647	5843	5707	6810	6841	6114	5927	6485	6657	6010	5652	5028	5904	5240	5751	5958	5716	6805	7000	4593	6402	5336	5988	5887	5494	5715	5275	5594	5832	5865	6067	6690	6378	5932	5774	6027	5814	4867	5348	5826	5951	5979	5778	5529	6460	7345	6849	5985	6018	6372	6699	5690	5711	6057	5789	5340	4733	6446	6223	6770	6602	6606	6648	6132	5830	5365	4190	5835	5330	5762	5989	5274	6419	7224	6617	5679	6179	6131	5855	5979	5827	6063	6143	4350	4928	5644	6064	6574	6213	4341	4441	6455	4880	5387	5034	5943	4259	5784	5547	5634	5895	6246	6191	5777	5979	5819	6032	5670	4290	5628	5867	5777	6031	5493	5534	4658	6875	5778	6062	6076	6135	5408	4406	5081	4690	5250	3990	5177	5035	5721	5466	5673	4361	5834	6189	4915
4/22/2016 10:25:00 PM	56.0833333333333	3575	6001	6286	5727	5583	5553	5209	5469	6128	6208	6249	5930	2103	5165	6665	6788	6910	5200	7660	5359	7046	6174	7620	7105	5888	3948	6014	6382	6886	7206	5683	5459	7128	6207	7018	7769	5330	6773	8075	7557	2246	1558	6040	6626	6852	6938	5601	6222	7192	7969	8155	7699	7853	5273	7871	6602	6231	4444	6870	6954	6176	7467	7998	8418	5654	7183	4314	5599	7885	1438	6194	6863	7682	6981	7354	6643	8036	7949	8151	7150	7397	7217	6390	4946	5426	5639	7441	7604	7328	6856	6123	7751	8959	6862	7519	7632	1924	6318	6646	6816	7262	7430	7392	6034	6651	8230	7939	7738	7538	5917	4175	4868	6352	7112	7016	6735	7202	7090	7069	8448	7859	7486	7879	7422	5412	7189	6438	7114	6488	7206	7132	7228	7844	8274	8517	6837	8463	7590	8058	6547	6479	3853	7544	7822	7766	7498	7706	8506	8268	7607	7316	8694	8418	7339	6307	6786	6879	5100	6578	7350	6536	7579	8575	7014	7891	8603	7596	6927	4909	6250	6859	6363	6978	6959	6664	8309	7698	7615	7440	7938	8337	7323	6821	6011	7554	6492	7176	7179	6886	8378	8642	4354	7860	5461	6923	7133	5836	6898	6343	6663	7272	6786	7571	7905	8026	7440	7072	7553	6289	5378	6406	7291	7344	7287	7147	6734	8068	8907	8401	7512	6998	7793	8103	7209	6884	7374	6871	6372	4858	8020	7531	7278	7192	8084	8183	7475	7179	6550	4015	6834	6493	7034	7413	6590	7851	8782	8098	7204	6781	7610	6563	1088	6904	6453	7621	4248	5096	6435	7310	8155	7740	4180	4211	8079	5403	6587	5978	6929	4070	6748	6803	6707	7285	7735	7255	6825	7313	7158	7433	6797	4057	6808	7326	7158	7045	6788	6946	4416	8211	6849	7314	7476	7500	6511	4954	6089	5451	6363	4316	5975	6140	6899	5974	6818	4783	6999	7255	5663
4/23/2016 2:25:00 AM	60.0833333333333	3521	6698	6943	6660	6536	6090	5872	6197	6843	6715	7264	7010	1694	5648	7234	7816	7475	5509	8919	5897	8480	6334	8225	8428	6467	3883	6181	7411	8215	8193	6137	6772	8235	6815	8251	8994	5511	7231	9557	8603	1672	1631	6518	8020	7381	8198	5879	6558	8427	9197	8932	8226	9277	5417	9175	7876	6816	4442	8217	8043	6450	8839	9298	9699	5925	7949	4405	6195	9243	1083	6641	8190	9001	8011	8364	7566	8811	9330	9253	8427	8084	8281	7251	5096	5678	5941	8509	8342	8686	7926	6454	8266	10352	7500	9019	8749	1513	7569	7619	7976	8549	8736	8657	6575	7235	9121	9330	8937	8201	7121	4476	5052	7536	8196	7869	8192	8235	8586	8546	9317	8965	8774	9120	8464	5590	8443	7160	8302	7899	8610	8490	8653	9192	9576	10191	7487	10031	8099	9438	7424	6998	3893	8919	9252	9290	8981	8959	9933	8902	8164	7860	10073	9812	8383	7465	7360	7474	5364	7155	8787	7089	8884	10128	7966	9134	9946	8152	7833	5167	7410	8223	6947	8263	7392	7894	9459	8180	8908	8647	8839	9617	7889	8157	6450	8967	7767	8563	8066	7337	10041	10094	4562	8998	5727	7751	8240	6329	8195	6883	7149	8707	7436	8871	8428	9259	8888	7816	8837	6396	5653	6877	8622	8706	8516	8381	7212	9302	10345	9606	8681	7996	8573	9039	8600	8145	8177	7490	6827	4926	9249	8771	7490	7772	9525	9472	7965	7780	7710	4025	7348	7491	8340	8812	7892	8964	10163	9443	8336	6956	8930	7148	1697	8194	6524	8906	4324	5261	7410	8101	9497	8956	4186	4220	9190	6554	7843	6419	7917	4089	7191	7846	7801	8847	9111	8362	7987	8552	8478	8570	7948	4044	7889	8653	8369	7675	8238	8245	4355	9299	7872	7831	8784	8477	7687	5406	7340	6022	7439	4930	6944	7243	7996	6254	8053	5527	8063	7961	6595
4/23/2016 6:25:00 AM	64.0833333333333	3635	7087	7432	7394	7461	6431	6518	7007	7516	6961	8171	7825	1634	5816	7434	8514	7677	5604	9565	6555	9569	6377	8410	9424	7101	3981	6245	8336	9316	8700	6724	7952	8845	7256	9121	10103	5785	7386	10670	9446	2226	1137	6585	9105	7641	8986	5963	6692	9662	9861	9189	8660	10407	5798	10203	8724	7111	4732	9305	9146	6640	9928	10432	10912	6132	8347	4489	6774	10412	1124	6795	9271	9976	8259	8780	7953	9109	10486	9976	9526	8523	9354	7884	5221	5771	6081	8951	8663	9957	8619	6465	8588	11384	7920	10142	9810	1310	8582	8467	9027	9752	9796	9961	6750	7613	9481	10349	10022	8652	8357	5160	5348	8387	8834	8216	8965	8623	9155	9665	9658	9752	10068	10212	9079	5878	9282	7539	9611	8926	9640	9614	9814	10400	10480	11090	7723	11168	8380	10279	8082	7142	3988	10084	10298	10351	10059	9707	11122	9245	8477	8109	11233	10899	9414	8383	7425	7690	5603	7247	9965	7497	9589	11336	8730	10202	11134	8569	8140	5457	8026	9226	7230	9041	7673	8874	10064	8585	10181	9690	9176	10621	8052	9072	6556	10104	8911	9767	8419	7611	10927	11245	4839	10164	5963	8415	8815	6834	9051	7036	7372	9812	7683	10004	8831	10364	9959	7683	9830	6392	5663	7074	9742	9856	9512	9535	7454	10422	11353	10742	9825	8648	8962	9299	9430	9002	8405	7707	7045	5212	10403	9286	7410	7866	10574	10568	8243	8067	8652	4098	7512	8077	9345	9930	9075	9686	11245	10198	9152	7000	10044	7311	748	9085	6498	9880	4573	5465	8039	8573	10310	9900	4277	4446	10353	7721	8830	6594	8528	4213	7474	8644	8776	9731	10207	9076	8800	9773	9393	9534	8640	4345	8563	9676	9602	7882	9098	9262	4461	9618	8543	8193	9925	9054	8624	5478	8311	6345	8515	5978	7703	8173	8837	6577	8945	6232	8622	8339	7344
4/23/2016 10:25:00 AM	68.0833333333333	3788	7211	7668	7831	8107	6581	7002	7515	7912	7273	8854	8552	1792	5751	7498	9038	7869	5646	9916	6961	10635	6449	8597	10623	7504	4134	6264	8980	10382	8940	7215	8364	9526	7553	9963	11292	5882	7652	11825	10185	2126	608	6685	10215	7828	9815	5957	6652	10985	10226	9435	9200	11525	5996	11325	9653	7245	5101	10138	10070	6666	10774	11661	12211	6386	8710	4543	7247	11203	1068	6776	10410	10884	8344	8979	8140	9377	11753	10410	10492	8935	10528	8200	5264	5776	6114	9116	8873	11170	9427	6473	8767	12623	8240	11398	10744	1271	9300	8822	10189	11061	10833	11095	6853	7819	9540	11699	11279	9075	8845	4945	5477	8961	9294	8498	10216	8900	9790	11138	9862	10119	11229	11143	9528	6023	10130	7794	2264	9999	11046	10916	10910	11733	11759	11727	7875	12469	8469	11469	8471	7351	4249	11287	11697	11548	11426	10476	12397	9480	8518	8367	12364	11962	10280	9183	7648	7933	5871	7411	10924	7715	10195	12553	9039	11479	12251	8621	8264	5699	8466	10629	7426	9888	7823	9123	10849	8652	11298	10847	9280	11720	8330	10082	6660	11367	10131	11072	8545	7694	11673	12394	5356	11506	6037	8788	9137	7457	9927	7401	7491	10968	7829	11060	9079	11453	11122	8299	11105	6365	5627	7369	11021	11173	10470	10619	3457	11393	12519	11839	11186	8984	9150	9485	9926	9941	8621	7809	7106	5454	11412	9763	7325	8098	11596	11761	8505	8253	9728	4329	7676	8563	10421	11067	10220	10687	12541	11128	10277	6953	11220	7489	1270	9892	6502	10973	5045	5662	8350	9021	11249	10854	4548	4516	11452	8391	9803	6740	9019	4375	7713	9568	9009	10414	11400	9622	9083	11072	10547	10781	9265	4669	9224	10795	10830	8091	9743	10347	4584	9815	9317	8429	11012	9337	9446	5510	9189	6542	9542	6382	8212	8965	9670	6913	9926	7008	8834	8460	7881
4/23/2016 2:25:00 PM	72.0833333333333	3792	7309	7843	8360	8700	6776	7436	8025	8087	7318	9322	9169	1688	5668	7607	9518	7960	5597	10083	7344	11851	6307	8819	11656	7897	4214	6268	9500	11326	9115	7520	8573	10238	7587	10810	12483	5964	7724	12779	10941	1854	757	6798	11376	7943	10500	5974	6592	12107	10458	9528	9658	12686	6159	12435	10560	7293	5379	11127	10903	6707	11739	12632	13259	6659	9103	4681	7576	12381	1018	6866	11505	11784	8535	9104	8314	9335	12819	10657	11087	9315	11424	8415	5229	5745	6054	9167	8991	12266	10092	6474	9061	13555	8201	12431	11627	1294	9963	8974	11340	12124	11901	11930	7014	7853	9560	12575	12294	9555	9095	3873	5630	9480	9513	8445	11256	8904	9737	12134	9804	10569	12206	12277	9896	6033	10800	7944	1394	10956	12250	11970	12033	12500	12612	12392	8080	13680	8564	12420	8886	7604	4235	12292	12580	12271	12530	11006	13530	9441	8788	8388	13490	12766	11248	10105	7574	7928	6078	7476	11563	7786	10394	13721	9350	12368	13230	8813	8313	5776	8995	11810	7439	10762	7969	9347	11489	8863	12261	12030	9293	12626	8595	11109	6708	12558	11176	12147	8620	7785	12473	13575	5480	12408	6132	8969	9432	7934	10644	7492	7562	11968	7956	12195	9094	12589	12307	8594	12066	6339	5670	7508	12189	12154	11324	11516	6205	12121	13295	12666	12245	9111	9043	9662	10249	10987	8760	7874	7161	5532	12418	10248	7203	8114	12601	12944	8621	8508	10766	4420	7805	8948	11322	11998	11474	11286	13280	11873	11314	6851	12129	7579	1050	10564	6578	12084	5088	5793	8637	9353	12425	11800	4622	4550	12408	8673	10734	6906	9439	4482	7723	10344	9236	11087	12504	10141	9479	11929	11352	11796	9801	4826	9757	11864	11667	8303	10447	11256	4605	9804	9848	8525	12026	9637	10110	5473	10095	6680	10410	6587	8345	9811	10561	7048	10873	7343	8953	8426	8301
4/23/2016 6:25:00 PM	76.0833333333333	3806	7365	8042	8706	9260	6888	7850	8295	8229	7417	9722	9763	2029	5691	7619	9924	7966	5586	10334	7596	12457	6363	8922	12463	8058	4169	6162	9876	12225	9127	7787	8449	10627	7583	11254	13302	6096	7645	13683	11609	2143	630	6839	12202	7956	11040	5848	6679	12948	10725	9693	10120	13344	6369	13202	11287	7349	5369	11866	11411	6702	12569	13278	13949	6845	9369	4521	7825	13268	1189	6934	12353	12657	8559	9099	8305	9379	13542	10968	11766	9704	12336	8672	5095	5753	6065	9149	9163	13149	10524	6409	9419	14301	8170	13324	12365	876	10858	9030	11986	13029	12698	12963	6988	7894	9554	13430	12897	9945	9122	3416	6216	9830	9916	8667	12129	8995	10206	13215	9892	10855	13017	13097	10219	6129	11332	8130	1744	11738	13128	13075	12856	13415	13281	13023	8367	14519	8683	13174	9115	7462	4155	13180	13526	12942	13406	11538	14270	9683	8779	8450	13868	13145	11878	10681	7770	7978	6220	7676	12284	7797	10708	14475	9311	13101	13890	8819	8220	6011	9249	12604	7481	11349	8006	9695	11947	8756	12970	12535	9289	13511	8803	11905	6798	13504	12115	12923	8633	7887	12916	14575	5330	12990	6113	9155	9699	8018	11072	7817	7491	12822	8037	12918	9234	13399	13044	8811	12916	6356	5539	7684	13003	13272	11964	12338	7824	12947	13897	13463	12708	9128	9140	9865	10619	11773	8780	7938	7259	5592	13068	10574	7239	8385	13204	13581	8811	8756	11315	4340	7728	9369	12072	12517	12199	11910	14159	12515	12129	6717	12958	7572	810	11285	6411	12971	5025	5775	8861	9592	13048	12297	4460	4430	13086	8524	11445	7039	9592	4325	7743	10943	9543	11447	13328	10353	9763	12507	11855	12448	10235	4848	10163	10977	12578	8432	10907	12054	4527	9867	10410	8844	12522	9735	10681	5510	10720	6725	11170	6573	8406	10539	10995	7069	11591	7394	9145	8513	8662
4/23/2016 10:25:00 PM	80.0833333333333	3805	7316	8266	8917	9652	6951	8098	8539	8459	7424	10237	10269	1924	5713	7647	10385	8024	5552	10412	7837	13119	6254	9195	13093	8270	4041	6118	10427	12877	9198	7920	8326	11026	7557	11770	13935	5995	7794	14264	12070	1934	552	6876	13090	8014	11555	5854	6549	13737	10956	9876	10648	12144	6514	13670	11822	7422	5182	12615	12137	6626	13162	14102	14723	6957	9670	4379	7876	13829	871	7048	13151	13392	8536	9146	8337	9221	14300	11309	12171	9913	12914	8873	5101	5684	6017	9171	9165	13942	10939	6356	9644	14894	8060	14013	13088	1204	11374	9205	12889	13775	13436	13618	6998	7817	9547	13891	13752	10163	9007	3167	5854	10281	10365	8512	12699	9017	10135	13918	9738	11067	13828	13917	10618	6003	11887	8403	12141	12337	13728	13792	13551	13996	13902	13282	8558	15124	8855	13565	9235	7558	4037	13741	14102	13415	13926	11773	14971	9797	8908	8477	14894	13543	12307	11178	7776	8079	6451	7626	12503	7782	10814	14990	9583	13801	14572	8788	8198	6142	9553	13148	7566	11830	7929	9879	12218	8865	13447	13196	9289	14094	9086	12582	6888	14249	12560	13741	8624	8022	13165	15111	5079	13754	6137	9383	10077	8223	11586	8013	7576	13674	8073	13607	9304	13881	13779	9030	13690	6188	5452	7974	13793	13773	12443	13125	7846	13597	14432	13934	13580	9528	9046	10061	10863	12409	8723	7994	7372	5596	13840	10956	7075	8237	13948	13899	9048	9046	11936	4262	7651	9774	12688	13548	13034	12128	15009	12875	12753	6779	13747	7620	768	11653	6347	13715	4848	5767	8907	9892	13784	13058	4272	4310	13712	8347	12023	7229	9807	4270	7758	11623	9717	11791	14000	10567	10018	13185	12472	13063	10606	4702	10536	13373	13249	8608	11243	12717	4370	9853	10773	9035	13215	9987	11117	5582	11344	6967	11853	6707	8552	11044	11478	7102	11894	7062	9332	8448	8961
4/24/2016 2:25:00 AM	84.0833333333333	3732	7222	8437	9353	10033	7098	8168	8740	8520	7756	10471	10535	1893	5507	7714	10893	8186	5569	10548	7948	13761	6193	9403	13581	8372	3955	6099	10812	13492	9257	8084	8070	11394	7600	12237	14500	6021	7794	14744	12385	2429	1184	6971	13715	8045	11890	5828	6567	14061	11231	9954	11066	14786	6569	14235	12194	7475	4993	13198	12557	6578	13713	14748	15002	6985	9992	4165	8156	14256	10174	7020	13792	13949	8472	9316	8307	9363	14774	11543	12593	10215	13484	9036	4967	5678	6046	9215	9446	14743	11426	6326	9969	15449	7922	14579	13782	1326	11875	9370	13508	14456	13733	14587	7112	7853	9497	14614	14501	10460	8920	3029	5893	10654	10841	8537	13343	9034	10650	14479	9711	11647	14621	14549	10819	5978	12371	8658	12775	12938	14444	14364	14433	14517	14141	13713	8782	15656	8977	14360	9462	7765	3903	14554	14629	13944	14627	12377	15498	9777	8936	8600	15125	13974	12935	11638	7985	8036	6449	7762	13159	7758	11153	15934	9637	14382	15128	8906	8155	6142	9720	13552	7456	12357	8090	10196	13015	8906	14107	13900	9217	14659	9347	13201	6985	14858	13505	14282	8584	8061	13409	15620	4863	14273	6063	9451	10457	8241	12200	8292	7541	14060	8120	14263	9465	14442	14201	9198	14272	6145	5335	8171	14409	14642	13004	13815	8018	13998	13551	14347	14158	9690	9090	10203	11040	12939	8763	7939	7534	5618	14660	11449	6990	8362	14522	14970	9300	9156	12610	4205	7650	9928	13252	14092	13769	12514	15435	13529	13039	6570	13869	7563	936	11988	6289	14302	4684	5764	9452	10161	14413	13596	4154	4131	14476	8191	12483	7361	10400	4065	7753	12097	10099	12128	14766	10789	10299	13990	13038	13667	11108	4568	10948	13626	13905	8762	11501	13311	4294	9918	11184	9294	13969	10123	11418	5638	11647	7077	12394	6639	8723	11637	11924	7097	12451	7018	9499	8426	9158
4/24/2016 6:25:00 AM	88.0833333333333	3631	7260	8695	9559	10337	7260	8341	8923	8511	7910	10822	11069	2721	5634	7710	11503	8243	5467	10949	8006	14357	6126	9634	14249	8442	3833	6024	11046	13952	9316	8116	7939	11678	7605	12656	15161	5908	7846	15374	12889	2565	8082	6966	14387	8128	12494	5738	6535	14937	11533	10105	11527	15399	6682	14948	12771	7492	4792	14022	12908	6540	14254	15479	16066	7105	10268	4004	8143	14850	1607	7070	14346	14442	8519	9361	8339	9165	15501	11995	13127	10587	13992	9375	4877	5665	5970	9371	9531	15440	11868	6150	10187	15983	7943	14978	14341	1157	12517	9729	14075	15135	14607	14820	7101	7776	9398	15283	14775	10755	8513	2324	5944	11066	11431	8481	13769	9307	10951	14932	9649	11930	15029	15197	11261	5909	12728	8918	13081	13477	15085	14944	15317	15178	14653	14128	8920	16231	8827	14512	9607	7763	3696	14876	15380	14316	15164	12651	16076	9810	9020	8614	15838	14488	13524	12127	8020	8050	6463	7758	13568	7610	11366	16098	10013	15013	15577	8760	8138	6167	10090	14375	7465	12776	8063	10513	13106	9065	14635	14297	9156	15113	9706	13864	7094	15510	14237	14770	8532	8189	13821	16352	4616	15019	5998	9726	10967	8346	12711	8458	7627	14849	8195	14702	9749	14986	14872	9409	14686	6048	5245	8456	15107	15316	13444	14579	8056	14798	15499	14822	15185	9880	9052	10586	11250	13590	8672	7849	7493	5599	14948	12042	7020	8249	15139	15412	9501	9558	13077	3987	7668	9963	13660	14688	14343	12942	16123	13904	13772	6502	14486	7622	7342	12468	6331	14872	4532	5695	9519	10422	14929	13800	3975	3952	15182	7773	12942	7531	10579	3923	7780	12575	10397	12361	15375	11053	10694	14574	13611	14247	11360	4446	11271	14459	14449	8816	11643	13958	4225	10003	11411	9584	14402	10448	11884	5715	12007	7267	12762	6388	8947	12064	12429	7103	12788	6930	9665	8314	9264
4/24/2016 10:25:00 AM	92.0833333333333	3623	7184	9178	9999	10638	7419	8258	9166	8519	8109	11153	11520	11267	5436	7805	12122	8471	5484	11373	8080	14730	6013	9933	14838	8432	3695	5946	11283	14646	9593	8044	7767	12149	7606	13117	15887	5927	7895	16043	13121	2187	8035	6996	14895	8234	13017	5644	6415	15418	11920	10430	12067	15978	6714	15655	13030	7531	4688	14742	13382	6522	14915	15862	16410	7126	10632	3815	8165	15367	11221	7097	15033	15140	8416	9474	8206	9257	16117	12301	13593	10904	14538	9476	4784	5624	5947	9534	9826	16146	12236	6133	10559	16382	7760	15730	15047	1168	13068	10146	14506	15862	15186	15407	7152	7673	9420	15979	15471	11143	8189	2867	5880	11596	12021	8483	14568	9360	11247	15877	9655	12375	15428	15978	11654	5762	13223	9415	13599	14211	15625	15753	16008	15535	15345	14355	9169	16843	9014	15169	9924	7894	3556	15424	15919	14831	15755	13239	16791	9898	9064	8548	16539	15127	14079	12612	8131	7987	6527	7884	14070	7577	11829	17118	10159	15582	16199	8877	8071	6202	10484	14861	7572	13382	8292	11000	13903	8934	15169	14820	9095	15670	10081	14430	7120	16167	14852	15307	8497	8399	14092	16890	4556	15589	6020	9934	11566	8305	13133	8654	7624	15486	8236	15292	9882	15543	15487	9656	15233	6029	5121	8720	15687	15724	13992	15312	8247	15240	16114	15441	15557	10183	8993	10871	11443	14308	8603	7935	7503	5618	15478	12728	6711	8333	15722	15990	9849	9821	13700	3927	7738	10671	14204	15268	15003	13291	16779	14398	14402	6477	15325	7773	7266	13036	6262	15409	4450	5651	9778	10789	15486	14516	3857	3830	15668	7660	13378	7630	10747	3712	7815	13095	10886	12601	15918	11529	11049	15038	14124	14656	11773	4342	11737	15138	15000	9085	12156	14741	4033	10250	11946	9979	14984	10898	12305	5729	12541	7472	13374	6304	9293	12531	12760	7023	13326	6754	9978	8258	9466
4/24/2016 2:25:00 PM	96.0833333333333	3616	7093	9587	10287	11009	7586	8481	9302	8673	8294	11552	11929	11676	5284	7909	12780	8650	5468	12056	8067	15623	6011	10261	15395	8428	3599	5851	11645	15300	9873	8075	7554	12555	7481	13748	16392	5876	7839	16653	13687	2607	7877	7010	15474	8307	13521	5600	6426	15838	12452	10748	12420	16533	6726	16127	13418	7674	4489	15452	13993	6446	15567	16566	17170	7066	11050	3639	8208	16036	11802	7149	15680	15858	8491	9768	8144	9013	16648	12721	14117	11331	15126	9778	4696	5574	5946	9775	9995	16950	12751	6005	10862	16957	7788	16350	15847	1098	13573	10491	15125	16394	15869	16068	7104	7570	9339	16341	15793	11600	8017	2445	5850	11993	12836	8414	14877	9625	12003	16226	9557	12588	16032	16744	12020	5816	14043	9939	14533	14676	16285	16236	16879	16224	15978	14826	9490	17459	9069	15551	10294	8063	3464	15978	16558	15373	16075	13661	17301	9949	9017	8604	17002	15816	14853	13047	8369	8007	6545	7765	14753	7590	12118	17458	10368	16186	16801	8844	7984	6193	10794	15302	7502	13933	8330	11417	14098	9076	15811	15359	8952	16282	10495	15160	7198	16663	15338	15814	8403	8624	14290	17393	4396	16118	5942	10130	12273	8293	13546	9026	7759	15985	8234	15868	10225	16050	15977	9869	15888	5962	5046	9367	16315	16334	14519	16033	8371	15712	16640	15874	16285	10335	8956	11427	11577	14944	8539	7861	7576	5533	16392	13267	6693	8495	16280	16427	10049	10094	14106	3835	7781	11179	14835	15821	15419	13748	17037	14914	14897	6471	15781	7593	552	13723	6240	16105	4299	5586	9839	11253	16109	14670	3692	3676	16286	7243	13965	7902	11252	3743	7972	13713	11327	13041	16519	11812	11374	15819	14815	15422	12223	4277	12114	15794	15552	9353	12339	15456	3838	10478	12353	10088	15562	11426	12885	5818	12865	7772	13892	6228	9572	13000	13256	7062	13926	6602	10426	8227	9620
4/24/2016 6:25:00 PM	100.083333333333	3533	7063	10051	10745	11487	7888	8615	9392	8722	8497	11968	12405	12053	5168	8044	13713	8894	5388	12732	8072	16322	5998	10548	16213	8411	3551	5821	11837	15927	10160	7992	7422	13086	7550	14403	17090	5708	7831	17372	14362	1617	7758	7136	16155	8501	14155	5490	6285	16731	13115	11037	13019	17183	6823	17028	14089	7709	4455	16149	14654	6314	16179	17129	17541	6960	11445	3619	8150	16742	12417	7155	16293	16613	8390	9993	8141	9020	17153	13110	15016	11812	15841	9943	4615	5488	5917	9995	10397	17637	11356	5976	11161	17493	7702	16862	16528	1207	14243	10895	15672	17096	16276	16597	7032	7531	9317	17064	16498	11983	7782	2791	5803	12655	13549	8494	15692	9892	12488	17073	9495	13153	16600	17538	12534	5796	14638	10400	15108	15380	16803	17039	17454	16789	16539	15090	9717	18005	8935	16356	10622	8247	3459	16786	17014	16027	16891	14135	17677	9988	9192	8575	17805	16700	15368	13630	8702	8003	6494	7900	15385	7518	12778	18192	10826	16763	17342	8776	8019	6127	11253	15896	7559	14611	8635	11808	14942	9032	16241	15940	8868	16739	10757	15996	7312	17430	15995	16449	8441	8723	14901	17911	4216	16630	5721	10446	13050	8309	14387	9310	7898	16425	8335	16443	10419	16562	16561	10208	16362	5923	4868	9355	17141	16942	15140	16817	8726	16535	17135	16347	16705	10679	8900	11970	11872	15777	8578	8066	7642	5483	16878	13992	6736	8237	16415	17029	10305	10467	14853	3737	7925	11347	15454	16355	16050	14239	17820	15522	15484	6444	16396	7606	7381	14263	6195	16683	4170	5587	10156	11622	16809	15496	3593	3566	16790	7137	14515	8112	11764	3611	8094	14365	11791	13431	17189	12299	11968	16286	15090	16032	12896	4204	12699	16454	16381	9618	12664	16261	3839	10671	12674	10401	16270	12053	13501	5874	13642	7948	14654	6021	9974	13692	13873	7004	14622	6466	10893	8129	9744
4/24/2016 10:25:00 PM	104.083333333333	3453	7022	10411	11078	11853	7872	8838	9585	8813	8932	12367	12940	12586	5054	8268	14481	9076	5386	13431	8040	17093	6024	10877	17037	8376	3433	5741	12517	16776	10424	8002	7258	13609	7465	15003	17451	5813	7759	18146	15084	2444	7736	7163	16821	8708	14806	5416	6255	17321	13695	11310	13397	17801	6587	17844	14682	7741	4364	16921	15340	6250	16891	17658	17981	6886	11891	3561	8155	17532	13086	7257	16966	17247	8378	10145	8078	8977	17796	13516	15676	12262	16442	10327	4543	5479	5853	10250	10616	18326	13931	5873	11428	17956	7703	17409	17384	977	14912	11278	16343	17705	16980	16964	7187	7567	9269	17042	16848	12440	7638	2537	5830	13168	14500	8377	16054	10144	13365	17320	9409	13657	17150	18288	13030	5812	15109	10927	16197	15815	17610	17522	18091	17413	17053	15542	10170	18522	9011	16858	11051	8470	3272	17332	17603	16728	17156	14682	18067	10107	9130	8521	18461	17654	16165	14346	8882	7930	6537	7876	16054	7540	12922	18508	11073	17215	17893	8719	7940	6121	11613	16657	7507	15079	8671	12125	15362	8966	16775	16312	8894	17335	11245	16768	7385	18001	16693	17132	8339	8897	14957	18160	4096	17403	5754	10722	13852	8326	15046	9654	8034	17068	8366	17036	10798	17050	17102	10540	16893	5983	4818	9630	17939	17665	15850	17631	8875	16741	17879	17038	17415	10853	8931	12401	12113	16451	8496	8146	7566	5492	17394	14870	6742	8334	17034	17795	10664	10847	15642	3657	8073	11835	16029	17023	16651	14731	18167	16180	16119	6457	17084	7564	7240	14974	6204	17349	4046	5489	10510	12133	17183	15925	3464	3417	17473	6903	15303	8403	12124	3555	8232	14860	12279	13764	17787	12690	12370	16945	15888	16640	13512	4132	13279	17173	17172	9982	12922	17048	3595	10973	13474	10808	16829	12633	14157	5920	14121	8180	15238	5999	10269	14328	14545	7046	15192	6340	11423	8005	9956
4/25/2016 2:25:00 AM	108.083333333333	3396	6957	10884	11510	12325	8076	8918	9892	8919	9075	12875	13637	13049	4957	8458	15271	9319	5304	14243	8102	17798	6034	11195	17826	8396	3394	5696	12904	17390	10764	8004	7042	14294	7433	15522	18387	5775	7837	18777	15670	2135	7654	7193	17483	8805	15282	5344	6165	17833	14248	11661	13623	18379	6533	18191	15424	7771	4222	17431	15893	6221	17535	18004	18311	6808	12309	3390	8081	16841	13797	7168	17545	17763	8180	10432	8040	8980	18063	13977	16443	12804	17020	10510	4444	5432	5845	10593	10917	18945	14405	5839	11732	18210	7766	17897	17952	1041	15548	11629	17139	18169	17272	17617	6941	7524	9229	17666	17297	12879	7364	2423	5794	13708	15394	8293	16920	10351	13698	18049	9549	14143	17523	18962	13638	5745	15789	11413	16826	16637	17622	18048	18571	17774	17503	15875	10556	18930	9178	17536	11369	8606	3178	17792	17748	17213	17777	14994	18201	10089	9159	8596	18754	18614	17023	15080	9016	7921	6347	7942	16664	7517	13202	18948	11431	17634	18482	8682	7881	6023	11921	17323	7479	15732	8818	12506	16236	8982	17452	16889	8846	17915	11733	17725	7417	18607	17085	17642	8289	8944	15313	18435	4012	17812	5637	10920	14706	8294	15760	10043	8147	17372	8346	17495	11060	17330	17385	10955	17407	6000	4699	9955	18419	18065	16465	18178	9016	17566	18013	17459	17462	11229	8814	13025	12456	17248	8408	8263	7678	5360	17954	15308	6764	8211	17345	18027	10760	11064	16497	3525	8143	12126	16746	17375	17070	15214	18473	16489	16546	6396	17303	7507	7171	15787	6231	17688	3948	5461	10735	12592	17725	16550	3366	3318	17700	6883	15793	8646	12489	3414	8392	15377	12691	14242	18303	13137	12815	17533	16528	17380	13991	4115	13933	17827	17807	10185	13527	17940	3549	11217	13889	11085	17285	13162	14877	5959	14696	8408	15899	5949	10473	14895	15144	7035	15838	6260	11818	7934	10020
4/25/2016 6:25:00 AM	112.083333333333	3424	6933	11326	11984	12728	8234	8941	9970	8969	9365	13403	14233	13543	4772	8654	16197	9457	5194	15019	8031	18653	6009	11491	18366	8389	3321	5619	13308	18311	11034	7932	6930	15026	7589	16196	18964	5648	7738	19415	16276	3330	7561	7224	18186	8903	15743	5282	6119	18243	14848	11947	13924	18819	6643	18948	16072	7808	4122	18093	16594	6195	17885	18350	18567	6730	12872	3343	8038	18734	14499	7328	18207	18226	8277	10773	8002	8816	18471	14538	17182	13289	17620	10922	4343	5362	5774	10861	11161	19457	15122	5704	11793	18502	7854	18290	18513	1020	16286	11942	17759	18531	17922	18002	6984	7633	9213	17865	17433	13458	7327	2517	5767	14372	16358	8245	16964	10641	14524	18251	9446	14599	17839	19522	14116	5679	16581	11946	17921	17258	18566	18460	19160	18337	18065	16509	11032	19305	9097	18302	11710	8832	3131	18470	17765	18013	18237	15762	18692	10377	9281	8524	19324	19542	17651	15991	9186	7993	6379	8057	17280	7493	13541	19057	11698	18020	19045	8703	7918	6146	12440	17913	7521	16222	8810	12899	16477	8999	17994	17476	8803	18621	12110	18576	7479	19067	17691	18263	8233	9034	15837	18668	3905	18085	5618	11272	15544	8274	16202	10522	8279	18000	8499	17792	11404	17589	17842	11444	18063	5987	4732	10228	18893	18600	17159	18748	9164	17635	18666	18121	18324	11592	8841	13544	12850	18072	8571	8348	7774	5327	18231	16048	6624	8331	17965	18538	10905	11370	17082	3435	8201	12851	17480	17953	17697	15989	18683	17115	16972	6361	18004	7601	7187	16425	6206	18398	3797	5458	11247	13100	18111	17493	3359	3209	18564	6779	16684	8905	13084	3382	8512	15783	13122	14758	18893	13425	13227	18314	17321	18190	14665	3972	14623	18512	18556	10561	14050	18641	3472	11542	14590	11406	18214	13926	15640	6035	15580	8707	16671	5873	10666	15602	15880	7028	16621	6131	12416	7798	10296
4/25/2016 10:25:00 AM	116.083333333333	3382	6882	11783	12474	13273	8332	8946	9940	8990	9440	13887	14586	13954	4584	8811	16942	9712	5270	15646	8028	18800	6145	11819	18735	8297	3225	5558	13598	18863	11519	7935	6739	15641	7667	16770	19412	5684	7872	19982	1277	2710	7404	7240	18534	8964	16023	5229	6124	18608	15471	12305	14254	19245	6418	19091	16641	7947	4082	18594	17147	6159	18256	18574	18685	6639	13394	3213	8024	19195	15132	7318	18806	18324	8144	11024	7948	8955	18543	15185	17779	13904	18121	11203	4269	5356	5766	11131	11394	19877	15640	5656	11983	18756	7914	18628	18837	1267	16791	12295	18496	18986	18137	18295	7110	7802	9162	18146	18100	14094	7283	2375	5842	15056	17102	8229	17790	10942	14940	18690	9481	15104	18312	19815	14824	5641	17128	12426	18690	17665	18819	18813	19620	18470	18397	16788	11482	19574	9300	19094	11918	9138	3043	18806	18624	18469	18453	16316	18994	10329	9291	8459	19698	20318	17969	16786	9289	7963	6176	8063	17905	7569	13698	19466	11984	18366	19364	8678	7859	6035	12784	18214	7544	16517	8902	13367	17391	8934	18390	17854	8758	19059	12567	19273	7600	19384	17946	18603	8213	9086	16230	19191	3836	18304	5623	11587	16542	8303	17147	11070	8304	17831	8659	18045	11717	17881	18013	12032	18493	5904	4616	10522	19381	19062	17741	19154	9164	18280	18860	18401	18658	11825	8845	14065	13112	18232	8420	8491	7948	5246	18672	17279	6665	8447	18159	18920	11107	11598	17696	3424	8278	13357	18008	18228	18115	16390	18806	17727	17175	6347	18222	7451	7043	16890	6262	18732	3779	5391	11649	13623	18713	17993	3199	3162	18910	6617	17305	9250	13936	3308	8602	16281	13629	15260	19309	13653	13723	18617	17550	18511	15317	3969	15328	18758	19078	11088	14317	19320	3391	11861	15445	11723	18273	14445	16363	6043	16502	8976	17152	5746	10960	16369	16661	7080	17112	6113	13013	7695	10219
4/25/2016 2:25:00 PM	120.083333333333	3289	6786	12124	12791	13586	8286	8846	9977	8941	9413	14178	15292	14230	4535	8966	17729	9874	5202	16381	8044	19708	5966	12108	19571	8365	3197	5436	13818	19406	11737	7838	6610	16290	7652	17025	19744	5514	7684	20427	17772	3057	7337	7350	19029	8979	16400	5177	6042	18996	15792	12632	14345	19685	6445	19939	17022	7896	3916	19147	17642	6089	18634	18905	18999	6534	13993	3141	7952	19744	15756	7464	19184	19209	8197	11362	7936	8735	18898	15600	18478	14500	18403	11631	4176	5339	5692	11496	11782	20118	16345	5548	11953	18794	7986	18804	19418	1356	17218	12806	18922	19320	18540	18518	6934	7797	9134	18192	18188	14542	7102	2434	5671	15745	17758	8267	17909	11170	15559	18815	9384	15419	18430	20128	15528	5591	17701	13019	19331	18399	19363	19041	19756	18947	18938	17079	12113	19789	9263	19312	12476	9240	2943	19273	19109	18974	18698	17027	18930	10500	9332	8445	19890	21045	18453	17483	9414	7954	6145	8260	18389	7562	13971	19401	12433	18800	19788	8670	7946	5951	12970	18712	7429	16879	8779	13714	17589	8929	18655	18107	8712	19381	12944	19931	7749	19767	18284	18988	8118	9077	16274	19309	3804	18760	5614	11924	17132	8219	17539	11541	8325	18344	8705	18303	11992	18077	18471	12498	18795	5958	4510	10744	19748	19249	18160	19471	9118	18576	19081	18795	18527	12336	8879	14897	13499	19057	8402	8597	7963	5216	18796	17395	6571	8336	18574	19109	11219	11770	18289	3285	8370	13970	18498	18514	18304	16856	18864	18228	17369	6377	18846	7496	6961	17604	6191	18987	3681	5345	11909	14127	18816	18159	3078	3019	19306	6575	17770	9571	14153	3126	8635	16566	14075	15652	19451	13989	14067	18968	18361	19270	15827	3972	15965	19758	19689	11262	15212	19906	3228	12152	15941	11963	19026	15091	16803	6066	16877	9157	17777	5635	11210	16735	17288	7090	17751	6059	13620	7699	10126
