Label: MN20160421_X03
Metric: total (H2B-mCh) Count (1/Well)
Cell Type: 
Passage: 1
Notes: MCF10A + 8 LINCS drugs
plating and treatment delays
Analysis Job: MN20160421_X03

Date Time	Elapsed	B2	C2	D2	E2	F2	G2	H2	I2	J2	K2	L2	M2	N2	O2	B3	C3	D3	E3	F3	G3	H3	I3	J3	K3	L3	M3	N3	O3	B4	C4	D4	E4	F4	G4	H4	I4	J4	K4	L4	M4	N4	O4	B5	C5	D5	E5	F5	G5	H5	I5	J5	K5	L5	M5	N5	O5	B6	C6	D6	E6	F6	G6	H6	I6	J6	K6	L6	M6	N6	O6	B7	C7	D7	E7	F7	G7	H7	I7	J7	K7	L7	M7	N7	O7	B8	C8	D8	E8	F8	G8	H8	I8	J8	K8	L8	M8	N8	O8	B9	C9	D9	E9	F9	G9	H9	I9	J9	K9	L9	M9	N9	O9	B10	C10	D10	E10	F10	G10	H10	I10	J10	K10	L10	M10	N10	O10	B11	C11	D11	E11	F11	G11	H11	I11	J11	K11	L11	M11	N11	O11	B12	C12	D12	E12	F12	G12	H12	I12	J12	K12	L12	M12	N12	O12	B13	C13	D13	E13	F13	G13	H13	I13	J13	K13	L13	M13	N13	O13	B14	C14	D14	E14	F14	G14	H14	I14	J14	K14	L14	M14	N14	O14	B15	C15	D15	E15	F15	G15	H15	I15	J15	K15	L15	M15	N15	O15	B16	C16	D16	E16	F16	G16	H16	I16	J16	K16	L16	M16	N16	O16	B17	C17	D17	E17	F17	G17	H17	I17	J17	K17	L17	M17	N17	O17	B18	C18	D18	E18	F18	G18	H18	I18	J18	K18	L18	M18	N18	O18	B19	C19	D19	E19	F19	G19	H19	I19	J19	K19	L19	M19	N19	O19	B20	C20	D20	E20	F20	G20	H20	I20	J20	K20	L20	M20	N20	O20	B21	C21	D21	E21	F21	G21	H21	I21	J21	K21	L21	M21	N21	O21	B22	C22	D22	E22	F22	G22	H22	I22	J22	K22	L22	M22	N22	O22	B23	C23	D23	E23	F23	G23	H23	I23	J23	K23	L23	M23	N23	O23
4/20/2016 3:40:00 PM	0	648	689	628	658	614	692	688	711	754	650	683	728	738	749	689	656	680	723	696	713	801	762	789	700	736	731	782	789	669	787	710	733	813	705	773	830	851	763	705	775	698	837	670	654	679	717	760	775	785	808	853	763	801	699	768	770	675	774	914	745	749	804	832	928	913	775	822	763	779	754	654	735	781	742	815	790	808	813	887	785	826	746	733	679	729	716	798	775	776	796	842	853	903	796	697	786	765	693	682	725	837	757	816	771	782	823	885	814	816	875	760	664	793	774	813	798	820	781	880	841	945	822	855	923	849	707	727	747	808	804	777	750	779	798	927	812	906	885	945	842	773	769	830	795	769	795	804	817	883	818	897	972	976	889	834	778	790	836	831	846	822	852	914	818	882	901	889	853	760	705	686	777	826	733	797	786	830	761	804	864	939	985	759	731	794	760	777	771	877	824	882	789	799	826	890	829	746	743	746	769	775	764	785	840	856	805	822	785	838	713	692	687	798	779	772	740	792	832	938	783	752	817	857	678	768	725	749	775	824	826	846	837	916	814	847	811	757	728	771	681	759	794	838	787	812	792	850	801	779	824	752	786	735	727	744	733	727	753	793	765	819	770	781	753	800	765	720	618	679	669	704	729	778	781	754	746	780	712	812	779	663	650	694	694	698	760	696	791	768	743	718	789	762	782	697	694	668	662	698	697	691	740	748	671	698	815	772	801
4/20/2016 7:40:00 PM	4	670	706	646	712	651	727	701	736	805	698	708	738	761	810	709	674	719	751	697	744	830	799	807	746	747	777	804	809	681	788	734	768	848	685	797	851	899	817	759	799	748	856	701	677	710	727	773	814	866	829	880	781	827	714	804	808	725	793	899	786	773	847	830	970	870	791	834	776	827	786	713	723	820	765	794	822	853	862	914	839	859	740	725	715	759	748	806	798	768	807	825	893	932	821	741	869	795	735	731	777	821	770	809	788	793	823	898	846	827	910	789	697	808	795	851	840	838	821	929	856	954	882	904	950	877	733	750	776	850	825	824	805	811	854	985	835	924	910	963	884	791	768	837	783	838	809	830	879	906	828	902	1001	1001	944	854	803	809	833	845	861	864	921	980	879	889	940	935	903	782	703	709	792	823	768	825	825	853	790	826	861	972	1071	793	788	878	771	762	787	878	870	905	810	833	863	896	862	776	740	827	787	820	800	835	870	870	870	859	789	859	755	737	722	849	822	794	774	818	869	956	856	793	829	879	713	822	725	769	813	826	853	865	899	930	836	877	806	795	754	781	722	745	827	874	788	828	819	900	830	775	857	796	834	752	768	778	731	778	792	820	805	859	778	786	780	821	806	748	675	709	732	761	769	754	820	796	766	797	744	845	820	698	658	705	753	731	810	742	827	804	797	776	817	753	812	715	714	687	692	712	733	720	823	767	707	733	833	823	840
4/20/2016 11:40:00 PM	8	727	746	705	753	683	755	765	770	853	714	755	794	808	788	746	730	745	810	757	764	817	814	859	751	769	785	836	854	777	774	775	803	860	749	823	910	912	839	765	814	763	845	764	709	716	796	806	842	851	853	891	830	842	740	792	817	777	801	927	818	799	852	844	960	922	811	854	809	824	807	761	750	843	837	802	855	849	872	900	826	888	797	746	771	769	809	804	822	805	853	849	939	970	858	784	881	792	752	797	821	865	815	848	846	811	820	940	879	849	935	822	708	831	799	902	870	906	843	936	886	1003	913	896	951	849	762	768	791	862	827	872	830	845	895	1000	836	924	913	973	889	860	844	865	822	806	855	829	871	918	860	933	992	1025	928	886	834	828	885	875	892	885	927	1003	882	903	955	929	916	814	737	740	784	840	759	833	821	855	809	854	910	963	1079	816	827	911	830	796	789	900	877	933	839	853	850	888	871	823	782	850	816	822	831	847	887	910	891	890	840	889	783	762	767	913	844	811	786	844	888	987	861	816	866	904	744	893	768	814	841	892	882	881	927	981	852	878	817	830	782	834	776	774	853	900	821	879	863	919	871	807	840	812	807	801	822	808	802	795	841	833	835	863	803	802	810	854	805	817	709	782	782	778	827	805	852	809	755	826	784	884	859	728	715	733	787	760	829	761	857	838	811	780	859	780	861	760	748	728	743	782	773	777	869	808	725	767	875	837	852
4/21/2016 3:40:00 AM	12	795	806	773	807	731	833	823	817	893	763	828	863	881	833	822	766	839	866	815	864	874	894	884	817	810	848	864	876	821	825	841	817	892	793	865	978	937	895	830	853	797	924	838	778	775	825	853	851	867	886	954	867	888	770	824	876	809	884	962	861	867	912	872	990	917	866	891	863	874	850	798	850	907	871	872	913	888	881	937	873	953	825	786	804	855	805	866	880	845	887	881	957	980	914	820	940	846	803	791	851	910	846	853	859	830	869	971	883	864	948	833	751	885	846	909	904	885	869	962	913	1002	924	915	999	878	791	872	847	906	892	921	876	886	930	1058	865	950	978	961	897	860	857	910	875	876	865	882	892	966	890	962	1019	1025	950	930	839	837	901	912	928	907	948	968	898	929	948	949	964	864	768	767	873	882	824	882	855	897	858	866	938	989	1080	873	870	925	816	834	833	949	895	928	885	894	908	940	895	879	851	904	840	859	867	869	912	946	919	931	855	902	819	800	834	937	893	841	823	882	874	1005	888	856	889	922	776	929	828	857	874	916	911	936	955	1001	871	903	864	832	823	913	819	849	883	935	869	889	897	938	871	824	884	831	858	870	860	875	842	832	878	827	871	905	838	837	852	860	817	904	773	815	806	817	869	853	898	828	797	853	800	922	908	789	755	792	825	811	885	786	912	901	849	832	923	839	884	869	863	791	779	824	814	825	912	871	760	811	902	885	902
4/21/2016 7:40:00 AM	16	842	854	852	840	766	868	868	874	952	833	890	905	914	891	873	847	900	940	868	890	920	938	954	871	861	923	941	936	910	878	896	894	947	837	928	1028	1019	950	870	895	845	961	888	845	836	903	890	866	905	937	994	919	911	827	886	905	859	930	1034	917	894	937	947	1038	992	899	918	901	914	904	874	876	941	911	871	935	924	927	1002	920	961	854	823	863	940	895	916	916	885	927	934	1011	1053	924	831	949	888	846	878	923	981	881	907	932	904	882	997	940	902	997	878	801	943	907	911	935	921	930	993	945	1059	980	973	1002	898	858	869	918	948	936	934	918	927	980	1088	942	1024	1003	998	938	897	896	947	894	913	910	897	981	1009	910	988	1019	1062	956	937	877	859	962	932	944	952	1006	1057	947	961	966	986	993	944	831	818	921	894	852	916	938	938	904	926	971	1019	1128	930	933	985	890	861	879	980	959	983	952	942	951	954	938	928	913	965	899	893	927	923	992	975	952	984	895	938	863	847	878	991	925	916	872	929	970	1051	953	887	943	964	827	1008	883	918	918	965	974	954	1005	1042	965	1010	924	901	832	981	868	909	946	955	912	931	949	1009	890	830	918	892	879	934	916	896	923	890	885	910	928	991	880	898	910	905	874	934	794	876	903	867	884	901	943	873	862	933	838	971	929	842	772	845	868	882	921	881	981	931	902	861	965	891	913	905	896	824	841	876	861	886	963	922	810	841	973	911	929
4/21/2016 11:40:00 AM	20	1054	1010	1040	1072	949	1075	1062	1054	1174	1063	1109	1095	1080	1115	1067	1052	1084	1191	1088	1087	1161	1193	1206	1078	1076	1166	1166	1145	1108	1093	1092	1161	1194	1054	1147	1285	1284	1194	1109	1075	1031	1160	1107	1016	1037	1103	1166	1100	1151	1201	1286	1197	1208	1022	1075	1131	1075	1098	1252	1179	1109	1181	1143	1316	1246	1136	1146	1133	1154	1104	1108	1110	1151	1125	1097	1147	1175	1144	1212	1141	1226	1021	1013	1037	1121	1123	1167	1111	1080	1178	1163	1251	1340	1190	1067	1212	1106	1069	1097	1122	1247	1096	1155	1222	1128	1133	1313	1215	1114	1274	1095	988	1162	1132	1110	1155	1140	1154	1232	1233	1313	1203	1216	1256	1177	1053	1106	1089	1198	1175	1168	1141	1192	1197	1411	1161	1280	1266	1275	1145	1123	1111	1195	1191	1111	1113	1135	1194	1264	1166	1259	1294	1380	1160	1172	1124	1094	1224	1219	1214	1157	1265	1313	1189	1217	1230	1231	1150	1186	1045	1017	1156	1162	1065	1115	1137	1218	1150	1185	1252	1220	1291	1168	1148	1236	1035	1105	1073	1233	1218	1255	1208	1199	1222	1189	1173	1214	1147	1165	1092	1122	1195	1164	1231	1262	1188	1265	1140	1163	1072	1040	1068	1276	1205	1129	1133	1126	1235	1340	1180	1111	1205	1208	1030	1260	1116	1146	1135	1179	1208	1225	1272	1252	1220	1221	1145	1186	1046	1230	1104	1153	1198	1263	1152	1173	1185	1248	1182	1072	1158	1097	1124	1144	1178	1140	1124	1107	1150	1129	1189	1231	1083	1076	1144	1155	1100	1129	1034	1119	1092	1087	1091	1127	1208	1117	1135	1159	1087	1184	1152	1048	999	1065	1049	1079	1193	1090	1250	1232	1149	1093	1150	1124	1125	1134	1099	1057	1048	1046	1054	1104	1161	1145	1029	1035	1164	1112	1098
4/21/2016 3:45:00 PM	24.0833333333333	1190	1347	1336	1411	1198	1388	1359	1352	1406	1351	1352	1431	1388	1353	1342	1382	1346	1404	1355	1369	1444	1529	1525	1376	1345	1266	1314	1439	1398	1505	1415	1303	1466	1291	1421	1542	1439	1589	1385	1377	1284	1499	1242	1299	1386	1382	1252	1306	1445	1490	1590	1471	1483	1188	1419	1406	1446	1256	1508	1484	1300	1532	1480	1677	1481	1376	1224	1402	1435	1495	1215	1373	1462	1421	1458	1524	1490	1450	1546	1442	1491	1327	1310	1168	1301	1329	1470	1477	1334	1451	1284	1585	1680	1449	1359	1535	1366	1321	1343	1411	1513	1410	1475	1555	1453	1468	1571	1504	1362	1397	1200	1196	1474	1500	1547	1467	1471	1462	1577	1542	1601	1470	1471	1530	1309	1317	1429	1423	1495	1573	1455	1464	1466	1540	1691	1396	1594	1628	1576	1461	1476	1246	1447	1427	1417	1409	1435	1500	1689	1549	1658	1622	1723	1479	1485	1425	1438	1402	1359	1528	1538	1627	1622	1496	1519	1545	1607	1519	1347	1322	1259	1484	1421	1373	1447	1416	1575	1451	1508	1572	1598	1626	1460	1296	1594	1374	1407	1452	1565	1462	1568	1281	1492	1362	1538	1502	1450	1406	1320	1406	1382	1549	1422	1600	1583	1560	1443	1467	1492	1211	1342	1366	1596	1559	1473	1435	1466	1531	1655	1504	1377	1543	1551	1240	1573	1440	1436	1307	1342	1476	1518	1608	1684	1454	1513	1436	1432	1300	1344	1392	1482	1506	1592	1440	1498	1493	1541	1484	1359	1424	1415	1423	1438	1489	1455	1259	1301	1403	1372	1466	1558	1238	1178	1421	1286	1381	1239	1232	1265	1471	1395	1399	1389	1460	1428	1409	1445	1344	1538	1472	1125	1168	1377	1343	1391	1393	1351	1317	1551	1432	1354	1451	1452	1458	1242	1330	1314	1351	1192	1358	1375	1498	1449	1310	1148	1515	1468	1462
4/21/2016 7:45:00 PM	28.0833333333333	1175	1580	1628	1635	1453	1639	1606	1580	1658	1633	1619	1673	1650	1588	1581	1641	1586	1460	1651	1505	1708	1740	1768	1618	1482	1293	1514	1697	1673	1767	1538	1398	1732	1454	1624	1873	1478	1772	1670	1606	1484	1803	1504	1574	1609	1603	1440	1386	1621	1793	1923	1691	1760	1237	1674	1639	1687	1272	1745	1725	1304	1756	1754	1882	1454	1627	1242	1505	1654	1787	1460	1602	1671	1694	1692	1789	1724	1683	1788	1669	1724	1550	1486	1376	1367	1388	1767	1741	1492	1700	1432	1815	1912	1679	1552	1717	1600	1535	1507	1722	1774	1663	1740	1720	1654	1702	1824	1766	1615	1509	1207	1246	1718	1738	1753	1672	1694	1714	1824	1820	1814	1747	1651	1762	1307	1587	1676	1663	1709	1753	1694	1659	1751	1745	2004	1633	1795	1892	1820	1650	1711	1249	1696	1673	1690	1646	1664	1780	1956	1760	1866	1859	2027	1678	1727	1611	1640	1401	1569	1810	1704	1776	1872	1712	1781	1812	1760	1787	1386	1531	1451	1672	1725	1527	1623	1733	1790	1749	1707	1825	1811	1771	1720	1539	1798	1576	1699	1747	1768	1742	1818	1303	1734	1390	1743	1803	1578	1651	1638	1581	1593	1768	1679	1848	1813	1787	1672	1702	1611	1399	1618	1585	1823	1754	1646	1614	1734	1833	1996	1743	1590	1828	1876	1494	1845	1672	1581	1532	1335	1743	1787	1777	1900	1739	1764	1677	1625	1535	1359	1606	1656	1759	1853	1703	1730	1709	1869	1722	1518	1657	1540	1551	1695	1655	1711	1267	1292	1598	1611	1725	1815	1231	1213	1690	1399	1610	1481	1461	1254	1663	1643	1565	1724	1765	1609	1608	1728	1536	1807	1675	1122	1397	1570	1580	1678	1674	1528	1365	1874	1668	1567	1704	1714	1730	1432	1597	1539	1576	1221	1567	1636	1786	1659	1522	1202	1815	1739	1721
4/21/2016 11:45:00 PM	32.0833333333333	1248	1986	2042	2030	1830	2036	1984	1984	1922	2012	2058	2140	2072	1848	1882	2129	1833	1579	2131	1600	2192	1758	2024	2097	1583	1358	1849	2123	2099	2247	1627	1663	2242	1552	2074	2382	1476	2032	2195	2051	1897	2181	1845	2056	1856	1987	1825	1497	2190	2438	2358	2010	2318	1258	2101	2109	1939	1293	2123	2265	1438	2255	2281	2466	1470	2050	1336	1603	2176	2248	1849	2041	2165	2158	2166	2236	2223	2081	2265	2179	2183	1935	1774	1633	1488	1464	2275	2062	1876	2169	1726	2153	2514	1742	2026	2162	2147	1922	1797	2120	2247	2156	2229	1860	1729	2235	2403	2253	2080	1816	1297	1268	2152	2257	2192	2118	2162	2212	2322	2278	2297	2254	2092	2281	1324	1974	2159	2118	2160	2304	2152	2125	2279	2245	2671	2070	2425	2204	2423	1879	2152	1316	2268	2154	2198	2152	2185	2288	2362	2078	2108	2436	2709	2087	2252	1851	1814	1450	2028	2421	1806	2024	2445	2059	2312	2397	1980	2155	1415	1735	1934	1904	2163	1789	1899	2219	2080	2241	2253	2354	2325	2043	2226	1922	2326	1969	2118	2131	2067	2287	2390	1403	2313	1389	2020	2313	1682	2153	1940	1843	2035	2075	2152	2320	2341	2302	2192	2223	1676	1608	1939	2037	2321	2268	2071	1833	2315	2418	2608	2263	1967	2349	2397	2006	2353	2091	1845	1855	1342	2317	2296	1796	2160	2315	2305	1994	1934	2018	1425	1837	2102	2261	2384	2193	2236	2228	2383	2257	1559	2202	1730	1674	2075	1774	2111	1326	1294	1958	2030	2240	2350	1326	1267	2210	1642	2095	1798	1815	1343	1865	2074	1847	2225	2279	1903	1921	2296	1985	2317	2114	1184	1930	2000	2094	2033	2253	1992	1418	2407	2134	1908	2202	2263	2235	1778	2059	1863	2011	1413	1713	2029	2195	1767	1938	1421	2319	2144	2149
4/22/2016 3:45:00 AM	36.0833333333333	1347	2342	2454	2503	2205	2526	2517	2456	2291	2455	2522	2663	2607	2007	1945	2640	1942	1687	2650	1717	2668	1744	2112	2549	1714	1483	1991	2610	2433	2644	1756	2210	2733	1700	2540	2909	1472	2293	2700	2543	2304	2574	2006	2408	1941	2449	1945	1592	2677	2913	2711	2092	2805	1275	2571	2607	2164	1474	2598	2795	1512	2793	2874	3056	1492	2340	1386	1714	2657	2751	2016	2446	2579	2524	2560	2630	2574	2569	2822	2686	2524	2352	2244	1771	1550	1594	2632	2368	2338	2675	1883	2261	3077	1899	2467	2745	2652	2435	2148	2558	2735	2613	2653	2188	1847	2566	2916	2752	2409	2400	1441	1255	2608	2792	2512	2597	2577	2673	2861	2680	2832	2715	2651	2785	1321	2450	2639	2638	2649	2700	2566	2606	2763	2776	3360	2266	2893	2514	2892	2283	2429	1400	2726	2607	2709	2599	2658	2723	2644	2374	2391	2909	3266	2613	2707	1936	2056	1441	2232	2941	1921	2453	3007	2623	2809	2880	2227	2505	1396	2109	2356	2120	2668	1875	2369	2708	2324	2730	2730	2756	2865	2199	2721	2061	2838	2439	2592	2492	2156	2933	2879	1544	2756	1410	2558	2917	1811	2620	2203	1967	2503	2349	2646	2725	2849	2832	2441	2729	1695	1743	2052	2560	2842	2828	2560	1898	2799	2915	3188	2818	2483	2766	2883	2525	2794	2447	1936	2067	1346	2901	2812	1796	2421	2734	2776	2054	2050	2466	1546	1919	2617	2805	2909	2642	2722	2732	2857	2732	1565	2686	1922	1960	2549	1769	2385	1428	1287	2441	2337	2746	2847	1454	1385	2706	2053	2599	2002	2232	1425	1929	2454	2269	2806	2720	2301	2255	2794	2368	2893	2611	1287	2328	2442	2528	2336	2874	2517	1533	2897	2606	1955	2740	2734	2761	1956	2550	2139	2517	1686	2042	2517	2737	1857	2450	1654	2922	2507	2685
4/22/2016 7:45:00 AM	40.0833333333333	1395	2529	2678	2850	2656	2741	2899	2856	2585	2756	2906	3098	3127	2024	1972	2972	1990	1724	2997	1846	3148	1708	2167	3010	1925	1577	2012	3021	2714	2924	1916	2681	3231	1812	2907	3506	1471	2455	3202	2955	2644	2768	2059	2885	1970	2844	1970	1647	3115	3295	2868	2190	3405	1308	2992	2981	2266	1681	2897	3277	1579	3204	3237	3510	1507	2549	1570	1841	3130	3058	2103	2823	2995	2719	2836	2840	2727	3074	3270	3146	2752	2733	2582	1834	1578	1616	2904	2587	2683	3068	1881	2327	3600	2040	2927	3025	3162	2733	2418	3141	3169	3077	3174	2360	1933	2749	3407	3255	2623	2855	1610	1305	3005	3178	2720	3038	2801	3030	3336	2914	3231	3250	2944	3189	1289	2806	2985	3107	3157	3174	3020	2969	3276	3250	3747	2396	3402	2658	3444	2604	2614	1554	3208	3115	3143	3091	3072	3228	2811	2531	2536	3433	3854	2954	3174	1953	2224	1426	2323	3444	2062	2782	3490	3062	3301	3419	2391	2710	1420	2444	2752	2226	3032	1883	2619	3080	2504	3279	3152	2965	3265	2273	3187	2153	3321	2810	3057	2697	2202	3286	3417	1763	3309	1433	2933	3231	1964	3010	2293	1978	2978	2538	3081	2898	3363	3271	2563	3166	1656	1795	2138	2928	3296	3347	2928	1905	3230	3541	3835	3332	2878	2979	3201	2863	3195	2621	1963	2172	1368	3365	3238	1728	2625	3232	3304	2097	2093	2868	1686	1979	2971	3229	3433	3114	3179	3222	3394	3207	1532	3187	2048	2085	3011	1760	2680	1679	1294	2848	2580	3234	3317	1572	1528	3186	2506	3044	2100	2549	1587	1982	2833	2617	3226	3298	2594	2607	3241	2607	3401	2920	1454	2666	2878	3008	2503	3115	2780	1628	3161	2957	2021	3197	3075	3183	2013	2919	2297	2859	1929	2373	2863	3152	1880	2798	1982	3261	2703	3159
4/22/2016 11:45:00 AM	44.0833333333333	1442	2593	2919	3451	3274	2907	3514	3496	2871	2940	3594	3814	3844	2155	2080	3588	2007	1773	3373	2099	4000	1688	2285	3930	2161	1627	2021	3747	3192	3077	2171	2808	3980	1860	3489	4464	1477	2477	4145	3760	3329	2811	2189	3788	2016	3447	2003	1649	4167	3882	2962	2267	4379	1319	3755	3755	2387	1763	3193	4262	1610	4214	4204	4602	1576	2964	1624	2079	3989	3523	2203	3456	3824	2822	3000	2963	2922	3878	3951	4060	3256	3518	2974	1833	1594	1611	3069	2687	3296	3793	1929	2523	4597	2107	3850	3672	4074	3283	2509	3914	4044	3890	4096	2439	2037	2869	4485	4296	3100	2997	1696	1341	3699	3751	2854	3846	3009	3416	4341	3014	3870	4135	3544	3846	1327	3503	3197	3860	3900	4080	3857	3724	4221	4221	4431	2654	4400	2743	4438	2861	2685	1644	4166	4000	4064	4086	3876	4181	2847	2553	2591	4432	4931	3450	3980	2020	2244	1465	2503	4480	2141	3059	4469	3482	4381	4288	2442	2790	1479	2672	3477	2288	3712	1940	2760	3861	2570	4305	4078	3095	4279	2453	4002	2242	4261	3548	3818	2826	2254	3901	4381	1860	4342	1404	3362	3814	2196	3815	2430	2008	3765	2600	3931	3037	4222	4318	2773	3988	1664	1815	2298	3795	4111	4117	3461	1993	4149	4503	4898	4400	3291	3109	3549	3141	4008	2803	1945	2252	1373	4206	3955	1774	2588	4320	4255	2266	2255	3709	1735	1985	3553	4132	4250	4057	3951	4235	4322	4158	1505	4123	2147	2169	3622	1726	3131	1779	1272	3248	3003	4203	4277	1610	1578	4216	2567	3871	2198	3100	1665	1976	3667	2752	3653	4315	2866	2753	4190	3137	4361	3493	1507	3354	3658	3800	2627	3543	3308	1716	3380	3764	2091	4098	3462	4056	2101	3553	2519	3547	2115	2549	3455	3784	1944	3468	2046	3638	2814	3736
4/22/2016 3:45:00 PM	48.0833333333333	1396	2673	3127	4210	4006	3235	4315	4178	3213	3240	4490	4707	4627	2279	2175	4425	2065	1821	3848	2331	4874	1658	2467	4711	2275	1617	2075	4617	3929	3201	2338	2763	4724	1918	4150	5349	1490	2482	5017	4620	3987	2882	2295	4454	2029	4092	2012	1647	4971	4423	3135	2498	5300	1401	4548	4556	2367	1744	3555	5120	1633	5001	5124	5450	1563	3427	1594	2266	4930	4344	2345	4316	4704	2938	3188	3052	2992	4768	4859	4893	3736	4270	3392	1826	1641	1695	3228	2821	3988	4720	1911	2766	5634	2198	4702	4534	4915	4173	2756	4867	4960	4771	4879	2429	2042	2998	5441	5175	3549	2958	1666	1332	4562	4495	2910	4650	3113	3911	5260	3120	4805	4923	4416	4859	1333	4378	3648	4706	4779	4936	4586	4602	5086	5058	5155	2933	5343	2756	5304	3269	2785	1580	4966	4914	4940	4985	4841	5026	2879	2562	2643	5391	5838	4201	4828	2063	2303	1514	2713	5382	2250	3475	5521	4106	5313	5171	2467	2819	1588	2986	4133	2308	4365	2009	3004	4759	2577	5256	4901	3165	5219	2668	4997	2453	5238	4367	4746	2912	2335	4531	5323	1836	5230	1367	4011	4687	2403	4658	2649	2019	4609	2600	4714	3235	5085	5206	3089	4904	1653	1834	2608	4728	5035	5050	4207	2066	5050	5432	5844	5238	3849	3232	3958	3479	4921	2814	1990	2451	1390	5112	4822	1763	2656	5171	5177	2396	2423	4618	1713	2026	4421	5095	5217	4901	4818	5150	5277	5036	1501	5020	2149	2192	4299	1684	3847	1753	1301	3860	3444	5089	5151	1579	1557	5145	2511	4817	2419	3736	1603	2091	4468	3036	4098	5233	3267	2897	5138	3898	5326	4176	1486	4003	4501	4688	2725	4005	4062	1682	3550	4470	2232	5092	3892	4994	2244	4382	2792	4447	2092	2679	4215	4688	2042	4421	2094	4050	2928	4572
4/22/2016 7:45:00 PM	52.0833333333333	1347	2668	3428	4854	4680	3488	5012	4916	3513	3572	5204	5505	5419	2502	2351	5130	2207	1798	4339	2495	5785	1660	2670	5596	2433	1584	2115	5344	4574	3320	2493	2639	5455	1919	4814	6574	1526	2485	6035	5449	4599	2936	2427	5396	2172	4760	2022	1661	5922	4989	3302	2841	6373	1406	5459	5425	2365	1687	4096	6033	1629	5918	6070	6567	1569	3895	1532	2380	5826	5139	2483	5061	5639	2981	3340	3049	3042	5673	5685	5718	4244	5020	4037	1823	1665	1666	3406	2933	4703	5600	1934	3228	6609	2245	5603	5284	5955	4879	3128	5756	5789	5682	5886	2385	2130	3018	6477	6208	4024	2879	1643	1407	5335	5291	2959	5549	3261	4382	6279	3158	5622	6090	5000	5642	1306	5101	4011	5475	5815	5864	5412	5302	6152	6007	5744	3211	6320	2811	6323	3538	2920	1540	5926	5832	5905	5940	5673	6148	2912	2587	2565	6323	6694	4965	5770	2229	2291	1518	2968	6361	2237	3875	6595	4826	6427	5966	2430	2836	1639	3353	4854	2264	5088	2075	3553	5431	2584	6301	5857	3290	6132	3036	5933	2615	6104	5138	5643	2947	2497	5023	6369	1759	6238	1439	4687	5536	2589	5497	2912	2129	5580	2619	5569	3414	6134	6235	3441	5825	1659	1831	2778	5568	6207	5988	4944	2189	6005	6515	7094	6336	4512	3288	4605	3718	5743	2886	2030	2651	1381	6007	5730	1730	2690	6130	6202	2759	2701	5394	1640	2054	5215	6011	6338	5969	5638	6076	6249	6078	1482	6103	2124	2189	5024	1694	4576	1681	1362	4512	3888	6069	6169	1513	1470	6140	2391	5704	2573	4382	1524	2145	5228	3477	4562	6249	3662	3343	6105	4562	6408	4769	1418	4528	5425	5607	2906	4375	4757	1583	3775	5057	2471	6084	4361	5843	2326	4973	3065	5185	2031	2912	4907	5417	2135	5114	2011	4337	2963	5290
4/22/2016 11:45:00 PM	56.0833333333333	1283	2683	3892	5624	5652	3921	5953	5754	3936	3939	6112	6469	6296	2696	2612	6080	2337	1829	4826	2653	7231	1638	2991	6896	2529	1515	2143	6177	5431	3485	2643	2441	6473	1930	5720	7992	1499	2479	7329	6774	5546	2956	2606	6856	2353	5691	2042	1679	7613	5676	3579	3224	8002	1473	6761	6462	2406	1663	4681	7355	1646	7300	7388	8255	1724	4450	1495	2500	6946	5992	2719	6110	6942	2959	3521	3057	3009	7030	6731	6986	4861	6327	4584	1860	1667	1686	3594	3133	5742	6536	1969	3679	8272	2306	7063	6175	7306	5609	3619	7131	7276	6951	7415	2394	2122	3038	8177	7881	4620	2725	1524	1436	6313	6274	2964	6976	3389	4843	7887	3233	6564	7713	5907	6461	1327	6115	4594	6491	7051	7337	6723	6472	7802	7256	6077	3601	7984	2781	7990	3914	3156	1489	7533	7221	7072	7570	6901	7748	2971	2559	2578	7931	7968	5607	7095	2419	2286	1656	3181	7669	2222	4351	8222	5303	8030	7234	2429	2876	1719	3717	6038	2303	6171	2180	4144	6793	2597	7793	7356	3284	7612	3432	7177	2820	7619	6410	7065	2942	2692	5503	8064	1680	7803	1472	5336	6422	2708	6782	3118	2172	6945	2623	6906	3626	7527	7868	3826	7315	1633	1879	3103	6876	7516	7158	5773	2421	7569	8034	8555	7996	5118	3363	5239	3924	6840	2930	2035	2863	1418	7274	6944	1730	2679	7908	7864	3078	3032	6731	1582	2157	6079	7256	7720	7505	6687	7618	7647	7711	1466	7705	2119	2158	5925	1691	5351	1650	1366	5146	4458	7576	7554	1491	1404	7822	2336	6922	2783	5128	1488	2240	6510	4021	4892	7929	4049	3880	7694	5386	7936	5506	1368	5365	6699	6851	3065	4710	5343	1552	3973	5972	2775	7457	4811	6871	2446	5679	3365	6119	1968	3107	5500	6188	2226	6036	1938	4653	2935	5997
4/23/2016 3:45:00 AM	60.0833333333333	1229	2682	4415	6454	6797	4364	6972	6762	4250	4488	7270	7664	7310	2996	2799	7201	2504	1808	5302	2788	8592	1672	3245	8189	2668	1423	2190	7268	6392	3699	2732	2423	7443	1930	6689	9399	1529	2477	8550	8044	6418	2947	2802	8086	2532	6770	2103	1639	9064	6312	3950	3511	9364	1533	8193	7708	2389	1545	5323	8615	1624	8761	8782	9886	1779	5129	1468	2599	8617	6884	2889	7496	8345	2968	3769	3078	3030	8578	7824	7965	5600	7568	5128	1888	1661	1679	3831	3342	7052	7788	2016	4092	9692	2342	8523	7506	8671	6789	3990	8512	8709	8408	8823	2353	2145	3020	9693	9403	5262	2631	1502	1482	7451	7440	2946	8398	3672	5368	9458	3256	7669	9141	7196	7565	1330	7326	5156	7451	8391	8832	8169	8029	9198	8560	6968	4020	9354	2829	9443	4244	3379	1432	8956	8656	8236	8885	8285	9135	2994	2645	2576	9263	9010	6619	8534	2597	2253	1710	3461	8679	2272	4835	9843	6032	9410	8469	2400	2928	1803	4084	7051	2277	7191	2287	4616	8172	2567	9080	8743	3298	9151	3781	8577	3039	9171	7757	8291	2950	2823	6117	9645	1631	9116	1430	5924	7425	2822	8141	3424	2221	8360	2639	8156	4009	8919	9353	4271	8742	1600	1907	3439	8425	9087	8538	6968	2551	9108	9228	9869	9368	5722	3384	6001	4133	8194	2982	2125	3052	1449	8561	8203	1722	2673	9279	9276	3373	3383	8021	1489	2180	7034	8574	9138	8857	7609	9195	9067	9251	1480	9167	2094	2164	6871	1653	6422	1563	1379	5775	5013	8948	9023	1427	1370	9228	2276	8396	3026	5988	1420	2310	7970	4482	5302	9230	4546	4324	9261	6685	9311	6313	1320	6285	7971	8036	3313	5061	6294	1520	4229	6942	3024	8835	5328	7913	2566	6485	3593	7217	1864	3363	6344	6929	2202	7132	1842	5106	2950	6812
4/23/2016 7:45:00 AM	64.0833333333333	1210	2671	5020	7203	7764	4868	7868	7719	4654	5041	8260	8826	8117	3225	3071	8225	2614	1798	5885	2920	9743	1586	3575	9449	2756	1418	2203	8138	7494	3927	2834	2307	8285	1965	7631	10542	1559	2454	9641	9214	7151	2906	2920	9334	2630	7724	2111	1661	10278	6980	4362	3844	10588	1605	9507	8766	2379	1550	6041	9637	1604	9897	9791	10994	1840	5660	1427	2709	9804	7812	3052	8608	9513	2930	4055	3059	3015	9871	8853	8874	6273	8686	5640	1893	1661	1684	4091	3674	8357	8772	2042	4484	10876	2352	9719	8793	9703	7976	4339	9767	9885	9556	10051	2369	2135	3029	10989	10656	5904	2591	1397	1504	8408	8464	2945	9613	3917	6009	10606	3326	8689	10451	8433	8501	1357	8311	5922	8366	9647	10063	9442	9193	10490	9644	7426	4406	10652	2851	10516	4652	3691	1416	10225	9859	9114	10175	9261	10442	3053	2616	2560	10495	9785	7653	9638	2736	2260	1740	3721	9518	2312	5381	11216	6737	10721	9483	2425	2878	1843	4455	7990	2255	8246	2312	5112	9252	2543	10199	9945	3264	10387	4082	9745	3250	10217	9057	9630	2937	3051	6535	11013	1593	10193	1473	6606	8465	2931	9276	3758	2278	9636	2661	9384	4438	10149	10456	4667	9903	1604	1922	3664	9647	10373	9643	8071	2689	10282	10436	11185	10782	6494	3420	6841	4236	9282	2947	2148	3286	1424	9698	9308	1736	2658	10507	10410	3789	3692	9018	1460	2231	8089	9738	10596	10130	8618	10480	10213	10463	1451	10320	2086	2106	7819	1667	7525	1486	1385	6528	5514	10311	10133	1389	1340	10412	2154	9541	3251	6844	1362	2379	9115	4967	5617	10573	5110	4809	10414	7881	10405	7200	1279	7099	9151	9014	3650	5210	7473	1491	4569	7740	3314	10089	5919	8895	2688	7214	3901	8277	1808	3711	7147	7789	2304	8155	1737	5384	2921	7578
4/23/2016 11:45:00 AM	68.0833333333333	1171	2647	5659	7961	8639	5526	8542	8520	4950	5601	9014	9789	8838	3427	3265	9127	2840	1809	6360	3011	11057	1604	3956	10648	2891	1357	2211	8888	8374	4178	2913	2241	9138	1952	8550	11858	1537	2447	10850	10309	7892	2890	3084	10821	2854	8749	2118	1662	11623	7578	4866	4339	11937	1675	10796	9653	2397	1421	6888	10710	1617	11067	10983	12374	1892	6304	1345	2807	11071	8540	3280	9645	10711	2972	4267	3126	3022	11369	9632	9753	6942	9945	6326	1918	1648	1703	4364	4090	9713	9657	2065	4976	12119	2325	10959	9862	10834	8775	4857	11099	11282	10865	11413	2297	2143	3131	12483	12031	6534	2418	1365	1559	9332	9453	2994	10923	4245	6530	11982	3383	9676	11807	9500	9208	1346	9193	6774	9040	11023	11525	10794	10569	11939	10796	7901	4922	11942	2813	11947	4970	4041	1404	11689	11096	10060	11638	10099	11880	3129	2639	2586	11834	10479	8502	11032	2914	2242	1841	4037	10310	2323	5881	12644	7350	12339	10593	2397	2919	1883	4922	9205	2243	9232	2453	5766	10146	2503	11502	11081	3277	11531	4538	11007	3476	11697	10442	10913	2958	3294	7010	12376	1540	11621	1490	7406	9153	3024	10302	4125	2400	11109	2685	10680	5000	11514	11822	5156	11275	1587	1935	3979	10902	11639	10752	9185	2875	11795	11817	12292	12068	7155	3466	7704	4242	10370	2975	2173	3519	1462	10798	10362	1668	2656	11845	11848	4073	3990	10040	1417	2252	8894	10884	11836	11513	9463	11836	11341	11924	1438	11780	2052	2085	8737	1627	8526	1439	1391	7085	6104	11695	11305	1324	1329	11753	2067	10541	3492	7592	1326	2459	10273	5502	5814	11845	5712	5408	11701	8832	11622	7876	1260	7895	10459	10180	4053	5468	8376	1427	4859	8410	3590	11257	6442	9698	2809	7916	4213	9079	1762	3962	7754	8428	2262	9008	1699	5807	2908	8166
4/23/2016 3:45:00 PM	72.0833333333333	1148	2625	6296	8508	9449	6043	9124	9072	5331	6156	9742	10594	9395	3565	3602	10152	3034	1788	6788	3110	12181	1578	4253	11745	2917	1258	2253	9598	9336	4449	2959	2144	9819	1972	9356	13015	1592	2464	11678	11253	8621	2889	3336	12013	3046	9554	2152	1671	12903	8124	5457	4784	13146	1706	11899	10442	2440	1403	7711	11684	1636	12283	12097	13532	1916	7022	1366	2891	12246	9202	3450	10755	11721	2942	4581	3112	3008	12498	10243	10518	7646	11286	6779	1931	1643	1684	4614	4531	10920	10478	2080	5510	13213	2336	12279	11046	11957	9515	5430	12244	12491	12033	12635	2332	2148	3170	13522	13287	7246	2396	1353	1608	10091	10508	2900	12163	4516	6996	13090	3459	10238	13056	10745	9969	1366	9928	7471	9783	11906	12840	12178	11850	13134	11807	8282	5383	13196	2866	13069	5210	4491	1347	12825	12318	10824	12960	11052	13096	3301	2681	2536	13065	11162	9152	12115	3078	2227	1835	4342	11038	2400	6407	13962	7877	13472	11730	2367	2949	1911	5386	10351	2253	10141	2519	6556	11166	2545	12328	12284	3313	12696	4892	12247	3743	12856	11623	12041	2937	3531	7367	13514	1452	12709	1462	7933	9851	3118	11289	4539	2402	12293	2737	11759	5570	12654	13100	5632	12490	1545	1961	4359	12113	12932	11719	10272	3065	13011	12748	13357	13230	7729	3548	8390	4457	11384	2989	2209	3825	1453	12052	11422	1684	2666	13124	13099	4540	4392	11149	1322	2288	9735	11909	12859	12673	10242	13033	12246	13127	1443	12914	2040	2049	9491	1645	9443	1361	1401	7742	6733	12883	12263	1330	1278	12958	2000	11562	3738	8388	1251	2513	11571	6168	6135	13068	6266	6036	12962	9633	12542	8525	1159	8719	11594	11237	4422	5814	9341	1386	5095	9114	3985	12283	6910	10351	2867	8447	4470	9882	1661	4145	8156	8767	2306	9575	1598	6051	2922	8603
4/23/2016 7:45:00 PM	76.0833333333333	1081	2674	6929	9081	10089	6569	9719	9534	5556	6735	10418	11376	9960	3642	3863	10909	3265	1786	7278	3186	13112	1561	4613	12690	3107	1247	2265	10156	10028	4637	3073	2097	10438	1994	10168	13795	1588	2432	12501	12104	9177	2870	3540	13035	3287	10247	2191	1666	13865	8639	6158	5220	13869	1704	12836	11264	2415	1354	8475	12453	1639	13240	12993	14498	1962	7606	1321	2919	13130	9803	3735	11848	12583	2976	4815	3117	3017	13471	10940	11083	8249	12171	7322	1950	1637	1660	4873	4981	12067	11071	2105	5962	14133	2349	13263	12228	12756	10404	5997	13206	13416	12890	13527	2306	2192	3210	14519	14144	7849	2316	1295	1595	10772	11357	2918	13066	4787	7497	13941	3489	10917	14013	11976	10559	1391	10663	8277	10440	12754	13742	13083	13141	14060	12717	8710	5854	14053	2898	13946	5529	4886	1284	13788	13195	11494	13909	11765	14024	3492	2714	2556	13970	10647	9755	12943	3312	2202	1793	4662	11638	2377	6830	15044	8522	14264	12482	2314	2960	1936	5777	11082	2219	11004	2631	7102	11936	2519	13129	13262	3296	13569	5233	13241	4045	13713	12592	12952	2928	3727	7759	14496	1456	13543	1492	8435	10513	3199	12178	4956	2504	13290	2770	12808	6118	13637	14136	6139	13462	1548	1979	4751	13131	13859	12601	11472	3339	13968	13696	14102	14079	8290	3567	9212	4620	12252	3000	2241	4096	1466	12978	12218	1663	2572	14215	14012	4898	4707	12037	1290	2315	10275	12839	13888	13669	10971	13992	13163	13949	1428	13819	2007	1998	10155	1623	10320	1306	1430	8328	7306	13820	13040	1294	1242	13756	1948	12342	4021	9034	1219	2599	12565	6715	6323	13941	6768	6578	13858	10503	13283	9110	1160	9421	12522	11996	4890	5912	10246	1364	5391	9752	4297	13213	7333	10954	2984	9021	4784	10468	1586	4228	8365	9097	2272	10186	1538	6406	2930	8853
4/23/2016 11:45:00 PM	80.0833333333333	1074	2645	7494	9572	10579	6958	9993	9947	5804	7172	10941	11964	10473	3729	4102	11640	3487	1805	7746	3268	13870	1531	4942	13609	3132	1198	2277	10645	10812	4884	3044	2038	10995	2031	10876	14621	1583	2436	13295	12653	9653	2873	3750	13920	3511	11000	2195	1640	14678	9043	6725	5585	14943	1750	13627	11696	2470	1344	9192	13219	1602	13874	13642	15284	1939	8136	1276	3032	13825	10309	4003	12583	13381	2951	5013	3063	3072	14374	11455	11758	8744	12944	7676	1959	1662	1670	5166	5370	13062	11744	2153	6412	14893	2404	14078	13205	13350	11122	6397	13916	14258	13734	14403	2277	2216	3260	15212	14930	8425	2263	1290	1596	11492	12097	2896	13878	5001	7957	14706	3572	11440	14831	12979	11080	1413	11232	8907	11025	13440	14593	13973	14108	14693	13470	8971	6305	14846	2953	14756	5763	5274	1278	14578	14086	12043	14510	12405	14865	3668	2804	2505	14731	12297	10397	13703	3509	2192	1875	5003	12197	2398	7246	15861	8951	14927	13378	2324	2958	1970	6075	11820	2259	11654	2768	7483	12545	2477	13819	14012	3267	14243	5478	14027	4375	14539	13550	13762	2948	3935	8060	15238	1405	14327	1497	8921	11158	3273	12824	5422	2561	14045	2884	13551	6711	14375	14758	6597	14125	1561	1996	5139	13940	14555	13255	12404	3609	14644	14583	14868	14904	8825	3630	9779	4613	13088	3065	2272	4363	1547	13684	12929	1644	2576	14983	14846	5233	4982	12663	1231	2330	10637	13642	14728	14416	11665	14802	13734	14727	1427	14414	1942	1935	10889	1615	11044	1246	1449	8913	7794	14815	13886	1264	1181	14464	1820	13059	4356	9671	1180	2695	13364	7207	6559	14615	7083	6998	14556	11307	14022	9598	1084	9924	13322	12827	5255	6063	11116	1307	5623	10212	4595	14023	7714	11455	3111	9572	5061	11108	1571	4322	8526	9245	2292	10597	1525	6631	2875	9155
4/24/2016 3:45:00 AM	84.0833333333333	1004	2646	7981	9851	11023	7439	10293	10374	6022	7662	11436	12414	10898	3743	4360	12251	3667	1776	8159	3368	14510	1532	5170	14253	3232	1168	2323	10998	11312	5072	3173	1994	11454	2100	11455	15335	1619	2421	13943	13457	10141	2865	3959	14591	3749	11548	2212	1626	15110	9426	7376	5924	15583	2066	14199	12252	2460	1214	9873	13778	1619	14577	14302	15817	2015	8621	1252	3017	14296	10848	4218	13164	14110	2931	5222	3090	3051	14983	11906	12259	9204	13633	8173	1939	1647	1659	5373	5908	14129	12339	2162	6747	15483	2414	14831	14008	14008	11711	6919	14610	14981	14560	15126	2236	2250	3276	15868	15548	8861	2157	1202	1598	11952	12856	2917	14568	5205	8353	15332	3570	11957	15526	13916	11611	1399	11672	9589	11700	14207	15257	14578	15003	15472	14074	9343	6882	15494	2982	15359	5901	5792	1226	15238	14637	12762	15345	12853	15678	3839	2815	2495	15375	13079	10842	14477	3711	2130	1884	5379	12727	2464	7613	16628	9429	15595	14016	2246	2995	2065	6401	12699	2228	12206	2894	7979	13194	2527	14445	14738	3258	14746	5640	14756	4703	15184	14366	14498	2962	4173	8498	15843	1329	14983	1519	9404	11524	3311	13222	5913	2696	14759	3018	14115	7354	15124	15336	7087	14747	1588	2008	5421	14619	15212	13844	13410	3843	15392	15178	15324	15309	9312	3611	10424	4647	13746	3023	2335	4715	1532	14442	13657	1665	2593	15621	15454	5610	5245	13237	1217	2405	11209	14282	15455	15057	12192	15661	14408	15442	1441	15143	1965	1859	11336	1637	11678	1206	1453	9295	8303	15546	14443	1205	1123	15129	1759	13546	4645	10112	1131	2803	13989	7664	6730	15354	7440	7460	15241	11739	14642	10150	1047	10428	13940	13378	5739	6198	11870	1217	5854	10624	4905	14627	8072	11942	3200	9923	5274	11408	1470	4400	8684	9472	2291	10967	1447	6880	2864	9397
4/24/2016 7:45:00 AM	88.0833333333333	980	2605	8465	10252	11420	7713	10563	10559	6202	7989	11763	12976	11277	3704	4522	13059	3824	1778	8665	3444	15213	1543	5418	14869	3366	1137	2315	11320	11807	5242	3259	1966	11985	2115	11975	15931	1665	2429	14485	13876	10598	2843	4191	15126	3944	12083	2257	1649	15755	9874	7934	6323	16116	1778	14915	12709	2499	1170	10525	14454	1619	15168	14907	16431	2002	9101	1157	3127	15057	11250	4451	13733	14609	2920	5473	3030	3001	15625	12318	12958	9776	14143	8662	1942	1613	1630	5553	6491	14993	12748	2137	7088	16068	2434	15436	14882	14510	12171	7288	15309	15488	15212	15779	2166	2297	3364	16472	16048	9413	2100	1158	1603	12423	13606	2903	15184	5546	8842	15819	3606	12498	16067	14795	12101	1452	12196	10181	12381	14808	15926	15264	15873	16043	14590	9567	7266	15992	3109	16033	6100	6152	1176	15845	15385	13315	15811	13397	16272	4065	2878	2508	15865	13681	11109	14973	3906	2129	1862	5682	13162	2533	8018	17072	9844	16106	14792	2254	3012	2084	6777	13388	2200	12830	2965	8494	13682	2487	15044	15131	3238	15393	5819	15484	5004	15680	15123	15008	2907	4325	8841	16465	1283	15700	1533	9757	11937	3408	13837	6413	2762	15430	3146	14796	7897	15766	15834	7541	15188	1592	1994	5687	15186	15928	14460	14381	3993	16033	15721	16066	16071	9647	3716	10889	4687	14372	3036	2435	5020	1550	15183	14395	1675	2646	16163	15897	5891	5475	13720	1173	2432	11769	14841	16006	15746	12604	16065	15084	15936	1436	15629	1868	1811	11968	1562	12220	1153	1486	9708	8785	16177	15097	1144	1141	15693	1696	14127	4926	10591	1107	2810	14696	8207	6977	16039	7797	7971	15950	12271	15147	10554	1011	10963	14688	14110	6122	6395	12515	1231	6140	11066	5174	15238	8502	12466	3310	10393	5512	11800	1410	4417	8740	9471	2246	11234	1408	7194	2846	9493
4/24/2016 11:45:00 AM	92.0833333333333	933	2561	8875	10627	11801	8114	10783	10817	6290	8331	12136	12919	11712	3699	4680	13610	4003	1780	9178	3504	15808	1534	5642	15538	3358	1049	2350	11703	12313	5466	3345	1857	12493	2171	12544	16466	1676	2405	15274	14463	10984	2797	4428	15798	4156	12661	2271	1645	16269	10257	8504	6611	16808	1837	15471	13127	2545	1140	11248	14985	1578	15831	15471	16986	2077	9614	1107	3132	15654	11645	4713	14301	15065	2897	5737	3034	3008	16136	12932	13683	10279	14690	8986	1936	1590	1641	5768	6906	15749	13106	2180	7386	16605	2540	15997	15745	15114	12773	7736	15954	16091	15832	16126	2136	2271	3350	16922	16621	9882	2003	1121	1626	12932	14419	2887	15657	5720	9337	16435	3656	13011	16626	15680	12593	1437	12512	10765	13130	15510	16545	15855	16781	16466	15212	9941	7750	16581	3171	16601	6264	6608	1134	16427	15864	13955	16508	13844	16906	4206	2967	2490	16540	14431	11567	15561	4070	2082	1909	5960	13883	2538	8347	17817	10203	16819	15372	2175	3000	2090	6937	14060	2218	13472	3086	9107	14374	2444	15669	15743	3280	15981	5975	16010	5361	16152	15639	15657	2954	4560	9168	17078	1232	16332	1584	10145	12494	3445	14375	6895	2875	16008	3249	15331	8498	16270	16437	8127	15766	1545	1987	5955	15723	16479	15070	15342	4202	16727	16252	16619	16538	10103	3744	9748	4864	14945	3120	2482	5430	1576	15765	15112	1655	2569	16749	16544	6140	6186	14331	1146	2496	12349	15434	16595	16322	13097	16579	15743	16427	1445	16110	1845	1756	12592	1595	12853	1118	1486	10156	9231	16773	15630	1123	1153	16342	1656	14572	5224	11010	1036	2889	15464	8677	7133	16610	8121	8375	16407	12799	15917	10988	970	11471	15252	14536	6552	6540	13276	1139	6305	11553	5439	15901	8876	13017	3374	10736	5721	12132	1368	4445	8677	9478	2273	11560	1363	7464	2873	9688
4/24/2016 3:45:00 PM	96.0833333333333	907	2562	9256	10930	12094	8213	11056	11072	6388	8626	12577	13992	12135	3641	4815	14423	4103	1772	9549	3561	16494	1514	5833	15979	3404	1025	2340	12042	12902	5702	3310	1763	13038	2154	13175	17077	1686	2386	15897	14953	11438	2816	4662	16414	4280	13257	2283	1624	16765	10921	8944	6874	17416	1923	16043	13637	2565	1136	11875	15520	1588	16361	16087	17365	2046	10062	1142	3211	16309	12177	5048	14929	15844	2920	5996	3041	3002	16474	13401	14370	10800	15292	9239	1927	1593	1640	6008	7373	16619	13772	2193	7682	17107	2595	16580	16620	15604	13398	8135	16546	16648	16250	16793	2117	2360	3332	17566	17202	10311	1963	1039	1704	13479	15027	2872	16140	5959	9787	17012	3725	13516	17125	16434	13065	1464	13076	11467	13893	16062	17089	16392	17594	17044	15770	10305	8285	17192	3262	17191	6459	7043	1051	17011	16418	14716	17006	14559	17474	4452	3064	2491	17148	15277	11926	16148	4215	2068	1978	6338	14514	2569	8696	18416	10518	17335	16067	2174	2993	2169	7316	14734	2193	14108	3145	9499	14912	2492	16276	16266	3281	16520	6061	16649	5667	16667	16260	16248	2949	4733	9502	17723	1165	16879	1529	10643	13051	3550	15055	7370	2934	16566	3296	15843	8948	16804	16981	8579	16418	1571	2025	6168	16277	17013	15641	16202	4377	17440	16857	17204	16961	10463	3776	12175	4857	15606	3081	2581	5740	1568	16396	15852	1651	2535	17301	17125	6401	5953	14823	1126	2558	12661	16125	17194	16804	13610	17200	16258	16969	1423	16760	1806	1707	13152	1582	13332	1069	1532	10676	9763	17265	16346	1066	1082	16801	1606	15105	5525	11477	1035	3037	16242	9098	7358	17281	8519	8833	16991	13419	16644	11428	938	11958	15778	15264	7040	6714	14002	1121	6549	12011	5581	16545	9383	13645	3423	11153	5875	12559	1314	4394	8607	9493	2249	11884	1290	7799	2867	9847
4/24/2016 7:45:00 PM	100.083333333333	878	2570	9658	11332	12569	8432	11263	11376	6485	8941	13033	14601	12568	3646	4948	15257	4317	1781	10157	3627	17186	1532	6082	16647	3569	950	2353	12282	13606	5870	3349	1689	13600	2264	13885	17700	1710	2376	16684	15699	11974	2799	4970	17053	4498	13995	2314	1624	17520	11550	9404	7130	18147	1866	16697	14078	2609	1105	12506	16207	1588	16852	16777	18130	2153	10639	1037	3269	16976	12648	5252	15527	16326	2884	6250	3049	2987	17155	13947	15108	11329	15786	9641	1927	1576	1631	6204	7867	17330	14431	2221	8020	17706	2649	17224	17462	16259	13902	8567	17204	17225	16903	17256	2060	2425	3436	18027	17704	10866	1878	1088	1693	14149	15807	2911	16838	6226	10371	17469	3727	14024	17658	17221	13653	1446	13496	12116	14621	16503	17719	17008	18324	17706	16404	10724	8750	17668	3358	17802	6524	7484	1060	17641	16936	15382	17536	15116	17959	4707	3171	2464	17766	16281	12351	16781	4382	2064	1995	6662	15162	2604	9118	18808	11032	17873	16671	2107	2972	2173	7647	15523	2162	14818	3318	9962	15544	2473	16963	17003	3279	17222	6112	17455	5980	17264	16894	16859	2930	4970	9915	18150	1120	17599	1569	11088	13639	3556	15562	7923	3060	17114	3435	16354	9568	17402	17597	9044	17023	1563	2021	6505	16949	17623	16251	17045	4662	17882	17521	17790	17601	10978	3786	12846	4964	16356	3104	2640	5995	1566	17119	16505	1641	2558	17707	17710	6656	6215	15411	1060	2575	13295	16712	17733	17379	14184	17764	16665	17532	1428	17399	1766	1628	13841	1636	14095	1041	1536	11145	10163	17765	16882	1086	1041	17420	1549	15830	5789	12036	985	3078	16948	9591	7726	18017	8899	9368	17502	13862	17314	11937	900	12528	16550	15979	7414	6823	14708	1078	6778	12532	5869	17271	9881	14253	3478	11611	6026	12966	1251	4364	8474	9470	2177	12102	1232	8057	2814	9891
4/24/2016 11:45:00 PM	104.083333333333	871	2502	10033	11731	12981	8589	11456	11607	6583	9250	13503	15187	13219	3627	5041	16106	4519	1749	10682	3743	17869	1486	6255	17361	3553	920	2371	12717	14258	6116	3445	1635	14271	2340	14538	18356	1730	2351	17387	16329	12434	2812	5166	17666	4720	14661	2320	1637	17986	12204	9941	7333	18743	1942	17371	14722	2620	1017	13302	16845	1569	17612	17348	18395	2154	11176	1042	3284	17733	13223	5457	16242	16913	2910	6553	3064	2974	17502	14583	15900	11861	16534	10096	1907	1628	1647	6454	8446	18098	14899	2266	8347	18073	2693	17854	18303	16834	14599	8966	17481	17763	17536	17834	2038	2486	3438	18408	18038	11333	1880	1033	1740	14885	16499	2855	17391	6517	10882	17956	3726	14520	18258	18110	14361	1487	14014	12841	15444	17123	18099	17599	19092	18333	17027	11123	9287	18255	3417	18485	6672	7896	1004	18052	17376	16108	18043	15856	18368	4940	3258	2460	18332	17142	12726	17517	4547	2009	2030	6964	15845	2713	9533	19538	11472	18517	17609	2053	2985	2241	7889	16016	2157	15538	3402	10453	16050	2477	17622	17579	3292	17887	6163	18070	6234	17775	17381	16267	2926	5183	10399	18566	1080	18143	1571	11441	14329	3616	16280	8406	3134	17588	3573	16929	9980	17985	18084	9573	17543	1587	2000	6734	17501	18271	16941	17945	4778	18391	18157	18411	18080	11364	3827	13530	5060	17137	3140	2702	6249	1630	17813	17223	1642	2532	18227	18223	6930	6371	16072	1027	2634	13935	17369	18344	17993	14813	18187	17298	18015	1422	17964	1703	1605	14602	1601	14620	985	1565	11608	10810	18438	17613	1008	959	17981	1441	16527	6108	12476	957	3136	17701	10052	7867	18704	9318	9789	18186	14491	18067	12438	872	13092	17409	16612	7906	7025	15535	1031	7129	13082	5995	17933	10396	15016	3512	12023	6238	13347	1251	4216	8326	9384	2181	12449	1191	8397	2783	10042
4/25/2016 3:45:00 AM	108.083333333333	817	2474	10438	12166	13492	8730	11758	11906	6574	9425	14063	15783	13775	3537	5206	17113	4679	1747	11346	3744	18512	1502	6420	18038	3687	882	2366	13152	14980	6295	3480	1573	14944	2407	15209	18975	1754	2365	18177	17034	12979	2732	5369	18253	4911	15387	2306	1615	18591	12896	10523	7601	19380	1943	18038	15299	2653	985	14100	17607	1590	18143	17917	18759	2160	11716	986	3323	18379	13760	5700	16975	17578	2882	6711	3031	2957	17998	15150	16795	12459	17116	10505	1933	1591	1651	6733	8711	18932	15674	2274	8619	18379	2760	18210	19085	17520	15243	9447	18206	18187	18129	18282	2006	2520	3461	18721	18370	11887	1766	979	1802	15487	17358	2841	17918	6836	11468	18428	3825	15161	18650	18944	14865	1507	14617	13635	16319	17727	18578	18023	19678	18739	17736	11566	9755	18740	3557	19157	6699	8327	981	18531	17770	16939	18446	16179	18731	5224	3350	2472	18850	18011	13234	18044	4754	1976	2089	7278	16526	2729	9970	19904	12001	18831	18178	2009	2999	2223	8237	16878	2167	16106	3547	10979	16651	2467	18302	18084	3238	18588	6267	18875	6573	18196	18061	18033	2904	5322	10821	19094	1048	18661	1633	12026	15119	3699	16938	9065	3257	18189	3735	17406	10456	18555	18655	10107	18118	1564	2016	6960	18108	18765	17586	18764	4889	18931	18797	19092	18599	12053	3854	14239	5176	17938	3095	2751	6580	1676	18374	18030	1609	2534	18866	18674	7127	6482	16911	999	2655	14454	18194	18992	18507	15520	18461	17909	18538	1427	18609	1637	1513	15427	1601	15241	989	1512	12026	11328	18911	18136	965	931	18428	1434	17201	6355	12939	917	3172	18266	10525	8174	19300	9627	10253	18694	15178	18918	13128	810	13728	17979	17372	8257	7215	16293	1022	7295	13656	6114	18547	10987	15627	3501	12430	6354	13836	1188	4158	8171	9278	2135	12776	1160	8647	2727	10043
4/25/2016 7:45:00 AM	112.083333333333	779	2469	10864	12499	13985	8860	11976	12151	6664	9727	14558	16348	14227	3418	5334	18047	4785	1745	11917	3712	19239	1514	6544	18651	3751	875	2371	13609	15813	6567	3505	1580	15634	2449	15853	19487	1805	2323	18909	17701	13543	2755	5566	18923	5066	15946	2368	1616	18903	13627	11088	7830	19595	2057	18705	16035	2673	944	14775	18167	1570	18519	18337	19015	2203	12365	948	3285	18908	14374	5897	17497	18153	2925	7104	3027	2919	18160	15609	17534	13057	17588	10968	1927	1561	1643	7050	9348	19515	16278	2325	8888	18585	2818	18629	19690	18247	15901	9920	18607	18744	18563	18554	1993	2649	3471	19065	18702	12516	1688	981	1826	16117	18136	2867	18471	7073	11995	18747	3850	15803	19015	19717	15561	1530	15292	14463	17121	18315	18877	18337	20205	19230	18298	12036	10343	19150	3614	19776	6749	8773	928	18816	17975	17807	18742	16821	19000	5526	3376	2451	19377	19021	13663	18519	4913	1936	2126	7646	17360	2816	10427	20093	12475	19267	18827	1970	2959	2268	8585	17449	2130	16436	3756	11395	17250	2432	18889	18423	3252	19223	6358	19651	6907	18673	18455	18608	2876	5426	11270	19372	973	19076	1651	12621	15907	3765	17646	9616	3366	18602	3922	17957	11029	18792	18977	10695	18620	1551	2025	7161	18477	19221	18428	19514	5046	19285	19321	19566	18796	12507	3889	15060	5200	18537	3148	2801	6937	1663	18988	18801	1602	2504	18968	19047	7431	6751	17596	1003	2678	15311	18835	19404	18779	16270	18878	18577	18928	1383	19023	1601	1472	16071	1592	15751	924	1571	12744	11873	19281	18791	945	922	18857	1434	17884	6659	13606	881	3265	18883	11082	8451	19847	10084	10698	19127	15934	19495	13680	804	14314	18584	18020	8693	7335	17217	960	7482	14303	6320	19197	11578	16441	3521	12882	6456	14205	1141	4006	7963	9086	2115	13020	1080	8875	2713	10069
4/25/2016 11:45:00 AM	116.083333333333	752	2457	11294	12953	14452	8930	12207	12470	6677	9964	15252	16984	14619	3309	5372	18781	4894	1750	12522	3786	19749	1492	6748	19357	3805	805	2355	14100	16656	6754	3526	1476	16326	2510	16227	19951	1797	2329	19572	18519	14277	2734	5716	19163	5225	16490	2365	1605	19373	14427	11576	8143	20077	2073	19211	16553	2760	916	15535	18844	1566	18745	18733	19351	2314	13032	709	3313	19400	15138	6021	18071	18691	2920	7274	3006	2895	18317	16272	18371	13726	18152	11429	1914	1568	1608	7222	9803	19897	16762	2322	9211	18608	2887	18919	20264	19002	16572	10402	19034	18888	18818	18886	1924	2706	3520	19201	18803	13082	1726	910	1837	16804	18850	2813	18851	7307	12526	18975	3895	16463	19178	20251	16248	1549	15867	15319	18068	18841	19145	18616	20472	19371	18811	12555	10964	19378	3755	20345	6840	9170	896	19149	18221	18442	18901	17482	19194	5851	3519	2437	19869	19968	14020	18942	5011	1909	2128	7999	18157	3124	10845	20266	13149	19623	19174	1953	2946	2306	8964	18117	2100	16796	3764	11951	17974	2405	19236	18767	3409	19821	6396	20093	7288	18962	18863	18963	2875	5612	11635	19481	932	19414	1605	13049	16584	3808	18128	10299	3426	18859	4083	18287	11551	19018	19228	11272	19021	1528	1978	7390	18830	19435	19016	19996	5181	19771	19786	20084	19142	13022	3913	16015	5254	19072	3155	2854	7292	1656	19344	19401	1587	2478	19447	19373	7613	6940	18220	927	2717	15960	19391	19599	19142	16796	19128	19206	19069	1429	19496	1590	1405	16845	1560	16277	889	1567	13381	12525	19598	19685	899	874	19171	1413	18439	7049	14193	855	3354	19424	11731	8846	20392	10589	11159	19584	16561	20036	14454	766	15053	19358	18897	9145	7486	18005	925	7763	14943	6480	19732	12085	17034	3490	13368	6526	14611	1116	3933	7793	8900	2038	13290	1097	9116	2686	9923
4/25/2016 3:45:00 PM	120.083333333333	747	2440	11790	13239	14975	9071	12380	12685	6709	10189	15781	17478	14972	3310	5510	19568	5016	1751	13209	3800	20302	1479	6901	19838	3809	782	2387	14376	17184	7070	3524	1456	17021	2584	16660	20260	1745	2282	20109	19235	14914	2682	5947	19541	5409	16831	2428	1602	19590	14986	12169	8339	20359	2058	19850	17106	2779	885	16080	19257	1543	19072	18980	19408	2347	13630	886	3396	20040	15783	6111	18514	19082	2905	7530	2997	2903	18545	16925	19122	14458	18592	11929	1911	1571	1607	7439	10238	20327	17531	2389	9480	18876	2960	19252	20875	19443	17224	10930	19360	19210	19112	19082	1923	2749	3543	19322	19019	13770	1651	890	1831	17721	19508	2799	19209	7566	13052	19104	3959	17067	19533	20706	16996	1585	16478	16313	18909	19273	19227	18799	20714	19726	19301	13172	11610	19753	3851	21005	6912	9639	845	19487	18467	19025	19104	18041	19360	6202	3621	2422	20269	20701	14403	19125	5165	1889	2198	8398	18832	2884	11168	20434	13811	19770	19768	1884	2921	2363	9265	18605	2125	17100	3945	12583	18523	2433	19716	18970	3218	20384	6347	20518	7620	19204	19021	19389	2911	5785	12475	19704	938	19654	1626	13709	17368	3786	19003	10968	3539	19107	4216	18409	12028	19201	19490	11876	19346	1537	1985	7650	19214	19683	19408	20437	5350	19908	20050	20421	19378	13721	3934	16922	5319	19606	3153	2946	7637	1607	19581	19828	1604	2496	19541	19628	7888	7140	18800	874	2773	16489	19878	19872	19271	17498	19306	19562	19339	1379	19771	1500	1328	17525	1574	16657	888	1586	13899	13231	19887	20188	885	846	19396	1314	19197	7357	14898	838	3465	19916	12349	9213	20840	10971	11709	19979	17127	20587	15005	745	15857	19980	19490	9559	7621	18701	864	7994	15691	6659	20340	12712	17566	3496	13798	6661	14873	1104	3878	7590	8734	2035	13325	1032	9357	2644	9721
