Label: MN20160421_X02
Metric: total (H2B-mCh) Count (1/Well)
Cell Type: 
Passage: 1
Notes: MCF10A + 8 LINCS drugs
plating and treatment delays
Analysis Job: MN20160421_X02

Date Time	Elapsed	B2	C2	D2	E2	F2	G2	H2	I2	J2	K2	L2	M2	N2	O2	B3	C3	D3	E3	F3	G3	H3	I3	J3	K3	L3	M3	N3	O3	B4	C4	D4	E4	F4	G4	H4	I4	J4	K4	L4	M4	N4	O4	B5	C5	D5	E5	F5	G5	H5	I5	J5	K5	L5	M5	N5	O5	B6	C6	D6	E6	F6	G6	H6	I6	J6	K6	L6	M6	N6	O6	B7	C7	D7	E7	F7	G7	H7	I7	J7	K7	L7	M7	N7	O7	B8	C8	D8	E8	F8	G8	H8	I8	J8	K8	L8	M8	N8	O8	B9	C9	D9	E9	F9	G9	H9	I9	J9	K9	L9	M9	N9	O9	B10	C10	D10	E10	F10	G10	H10	I10	J10	K10	L10	M10	N10	O10	B11	C11	D11	E11	F11	G11	H11	I11	J11	K11	L11	M11	N11	O11	B12	C12	D12	E12	F12	G12	H12	I12	J12	K12	L12	M12	N12	O12	B13	C13	D13	E13	F13	G13	H13	I13	J13	K13	L13	M13	N13	O13	B14	C14	D14	E14	F14	G14	H14	I14	J14	K14	L14	M14	N14	O14	B15	C15	D15	E15	F15	G15	H15	I15	J15	K15	L15	M15	N15	O15	B16	C16	D16	E16	F16	G16	H16	I16	J16	K16	L16	M16	N16	O16	B17	C17	D17	E17	F17	G17	H17	I17	J17	K17	L17	M17	N17	O17	B18	C18	D18	E18	F18	G18	H18	I18	J18	K18	L18	M18	N18	O18	B19	C19	D19	E19	F19	G19	H19	I19	J19	K19	L19	M19	N19	O19	B20	C20	D20	E20	F20	G20	H20	I20	J20	K20	L20	M20	N20	O20	B21	C21	D21	E21	F21	G21	H21	I21	J21	K21	L21	M21	N21	O21	B22	C22	D22	E22	F22	G22	H22	I22	J22	K22	L22	M22	N22	O22	B23	C23	D23	E23	F23	G23	H23	I23	J23	K23	L23	M23	N23	O23
4/20/2016 2:20:00 PM	0	714	699	723	588	629	620	575	659	594	597	544	580	549	647	708	667	680	653	660	702	677	667	699	695	661	563	614	617	674	678	673	750	693	686	640	670	705	675	673	706	643	590	670	639	700	747	698	723	733	735	713	646	640	697	707	642	757	705	676	751	774	714	720	738	836	763	754	710	667	646	807	808	753	806	785	822	845	893	855	692	774	797	803	720	754	795	836	795	795	844	876	889	905	788	764	770	800	714	803	794	799	817	792	829	745	816	871	764	782	824	770	727	838	736	766	825	785	827	816	867	917	796	780	871	750	723	846	844	785	752	712	695	763	790	805	774	767	716	752	681	866	865	886	852	797	817	736	813	846	816	884	750	814	736	883	902	882	815	786	799	773	891	862	802	801	836	806	737	837	675	773	725	813	702	723	871	841	728	787	743	821	662	732	740	720	723	747	768	756	787	765	751	825	798	723	710	785	740	728	668	752	813	848	814	837	759	799	786	773	696	820	767	765	789	724	789	748	802	860	787	768	787	701	677	803	814	754	808	778	881	774	902	866	804	827	808	780	756	793	772	715	799	719	765	799	821	853	795	780	720	696	653	732	719	783	747	739	714	759	805	794	724	780	688	703	671	708	725	664	682	696	699	662	749	815	729	736	683	673	654	803	686	740	647	674	661	616	709	740	673	682	661	608	618	824	669	663	728	664	600	653	611	633	654	663	627	640	650
4/20/2016 6:20:00 PM	4	711	669	672	599	615	657	583	670	600	618	558	605	575	674	702	651	676	653	665	696	719	665	686	711	675	619	645	645	714	707	684	761	685	681	656	704	724	707	684	696	648	610	672	652	711	752	699	782	725	742	733	636	642	703	675	656	761	695	694	746	763	710	716	736	803	736	705	707	721	688	825	851	738	819	826	873	859	933	884	731	803	816	816	766	766	780	820	783	777	840	882	885	885	758	767	755	786	745	784	772	808	828	790	840	798	819	979	783	818	856	778	767	833	782	767	843	786	848	817	864	914	795	767	851	767	732	863	885	818	778	740	735	774	851	844	803	786	738	753	698	929	934	913	858	793	814	762	844	851	903	851	749	830	767	919	917	869	818	822	817	798	909	898	847	822	858	825	781	862	735	812	766	819	720	713	883	827	707	760	799	832	681	741	776	749	747	746	765	758	796	800	759	824	811	742	738	861	800	733	715	787	827	837	834	849	757	791	772	752	691	888	798	771	810	753	783	727	802	863	794	804	819	749	729	873	882	820	807	776	901	799	956	881	820	827	766	733	767	843	864	754	829	720	804	797	884	838	850	802	767	718	692	771	727	752	781	735	717	793	842	823	773	819	735	692	679	770	722	672	732	665	695	665	801	811	709	782	673	691	706	784	700	724	663	674	698	621	735	799	713	708	698	671	662	859	688	678	734	649	604	636	674	693	686	694	657	678	645
4/20/2016 10:20:00 PM	8	766	713	730	672	649	719	642	712	668	677	628	685	674	728	741	714	734	705	743	751	738	760	745	760	699	661	696	694	774	743	727	816	727	713	707	753	780	746	753	739	689	690	705	706	769	801	759	821	801	801	782	655	706	753	771	745	784	722	746	784	790	735	756	794	837	772	782	774	782	766	897	907	829	885	873	912	851	989	928	844	878	863	891	807	858	853	895	841	798	906	905	945	973	816	841	789	853	810	803	853	839	885	871	927	841	898	932	863	858	896	847	812	918	829	799	893	872	906	870	949	953	820	793	946	818	765	863	934	886	829	800	759	811	823	868	825	840	807	819	738	976	958	974	884	852	869	827	901	912	850	909	806	863	823	953	937	968	872	861	893	870	1022	962	856	895	926	882	832	906	788	883	779	873	771	764	952	906	760	806	856	888	741	813	841	819	834	794	781	803	857	868	841	899	875	800	779	848	774	776	759	861	902	914	885	895	771	852	852	868	779	841	797	807	876	787	836	788	849	924	833	886	853	837	790	814	848	815	880	779	977	830	1049	922	892	883	818	781	825	822	937	750	799	776	801	842	860	934	845	822	811	770	736	823	810	833	752	780	802	848	879	894	820	829	745	767	697	761	829	688	731	705	740	712	762	870	777	753	732	796	765	856	783	770	688	714	742	698	779	825	741	713	706	677	676	900	750	677	794	705	680	703	645	687	697	696	739	722	698
4/21/2016 2:20:00 AM	12	820	774	825	732	700	754	729	804	732	721	671	716	753	799	787	758	795	747	804	789	805	820	809	816	768	723	775	791	799	789	758	882	774	770	749	814	812	811	805	829	772	762	739	738	839	872	758	850	857	834	829	692	755	808	809	809	868	808	777	805	834	754	808	818	911	855	825	859	842	796	937	953	897	909	900	897	957	1034	1006	896	910	902	957	895	910	903	936	855	846	924	930	975	994	866	864	813	934	875	846	888	877	913	897	947	929	936	961	897	910	921	888	858	989	858	843	907	886	964	896	972	1014	859	797	904	864	809	899	936	943	873	828	819	865	893	911	895	854	843	863	788	987	990	978	880	868	924	855	972	951	916	961	825	914	865	994	994	992	915	903	909	876	1059	1007	899	915	936	901	870	972	828	948	815	927	832	829	980	943	768	873	875	949	786	860	906	833	860	819	841	836	913	883	877	939	914	871	819	907	844	814	773	888	950	963	960	929	857	914	878	917	852	900	820	859	884	821	878	829	899	1014	894	914	909	859	832	863	909	854	932	841	1040	871	1061	1014	939	924	934	828	913	867	962	762	817	803	863	857	911	945	874	900	814	790	792	936	860	858	827	835	790	894	900	926	851	882	778	851	737	802	851	735	769	762	797	752	826	943	796	805	798	831	825	924	801	820	752	781	783	744	877	889	824	802	797	736	738	942	795	720	833	771	723	772	688	739	749	759	756	794	760
4/21/2016 6:20:00 AM	16	865	801	862	805	770	836	768	874	802	774	741	769	805	852	822	819	831	772	884	843	886	893	878	886	846	754	854	846	844	845	819	916	842	863	822	877	867	877	887	845	830	804	816	767	868	914	824	891	900	830	888	754	787	849	872	880	903	804	823	857	870	799	827	865	991	868	894	910	899	863	967	987	929	969	938	945	956	1090	1030	925	949	989	1020	961	926	931	994	920	884	1002	969	1039	1045	887	915	900	936	934	897	926	926	964	971	1019	973	1009	1014	936	955	989	937	901	1034	912	882	986	925	927	934	1040	1071	917	866	967	918	870	940	985	952	904	860	858	916	947	983	932	898	897	926	816	988	984	1028	869	911	955	888	987	980	913	991	871	975	874	1014	1027	1039	971	912	956	911	1069	1026	942	949	996	922	901	998	839	946	870	971	842	855	1011	1037	827	937	950	972	826	894	949	881	917	862	904	907	971	928	942	1008	974	904	879	955	902	867	805	906	1000	942	993	993	893	973	912	956	858	948	870	915	925	875	932	865	934	1047	964	968	971	891	890	901	946	908	953	917	1046	927	1139	1062	976	1020	957	849	942	918	982	828	885	889	860	895	983	981	944	941	854	854	812	935	897	897	840	882	858	916	1005	1002	940	937	850	900	816	859	891	764	813	803	881	785	881	993	862	856	860	880	881	978	856	882	824	841	835	818	901	948	854	866	829	803	797	1019	842	796	865	816	775	786	769	799	826	870	825	849	814
4/21/2016 10:20:00 AM	20	1009	927	1037	940	873	951	911	1003	949	916	873	893	964	971	1015	986	982	950	1072	1044	1046	1068	1059	1057	1045	912	1008	999	1030	993	1028	1103	1002	975	962	1080	1041	1028	1055	1070	992	972	1003	928	1016	1118	1017	1074	1008	1005	1078	906	992	1061	1048	1025	1048	981	982	999	1073	960	996	993	1171	1023	1066	1076	1057	1032	1087	1148	1098	1069	1133	1082	1159	1255	1176	1030	1131	1163	1200	1109	1079	1120	1141	1042	1066	1158	1134	1231	1237	1046	1049	1038	1104	1074	1055	1048	1085	1116	1066	1138	1093	1159	1226	1053	1120	1133	1153	1026	1243	1062	1046	1148	1078	1196	1098	1230	1297	1069	968	1143	1078	995	1104	1132	1081	1056	1016	1011	1082	1130	1186	1089	1070	1057	1093	1012	1162	1170	1217	1071	1069	1113	1067	1212	1163	1114	1120	1029	1149	1072	1151	1213	1234	1100	1090	1136	1089	1276	1237	1117	1099	1156	1086	1068	1187	994	1131	1011	1148	1007	1029	1249	1219	983	1096	1070	1134	955	1068	1164	1065	1062	1042	1088	1084	1155	1114	1169	1204	1146	1026	1011	1148	1106	1068	973	1078	1155	1123	1221	1214	1060	1122	1113	1129	1041	1131	1044	1063	1068	1029	1093	1021	1146	1254	1095	1194	1147	1047	1026	1073	1110	1102	1179	1126	1266	1122	1312	1242	1160	1122	1134	1009	1062	1065	1157	1006	1071	1032	1067	1069	1164	1177	1087	1116	1010	1027	1025	1129	1092	1016	996	1045	1037	1107	1163	1185	1106	1109	1050	1034	931	1010	1074	940	946	959	991	955	1027	1189	1019	1046	1029	1070	1027	1128	1040	1048	985	1003	970	943	1052	1111	1014	1019	979	958	944	1206	973	936	1032	972	865	927	891	976	955	952	894	982	876
4/21/2016 2:25:00 PM	24.0833333333333	1308	1181	1354	1215	1197	1180	1268	1277	1310	1169	1244	1133	1268	1251	1247	1253	1443	1147	1414	1191	1383	1396	1369	1254	1324	1068	1196	1313	1327	1347	1394	1286	1405	1300	1246	1496	1324	1262	1332	1280	1211	1297	1219	1277	1522	1539	1379	1231	1464	1180	1534	1078	1172	1223	1262	1305	1349	1254	1392	1293	1388	1129	1293	1295	1388	1211	1199	1294	1325	1348	1441	1724	1530	1490	1605	1359	1551	1684	1578	1315	1396	1440	1617	1278	1543	1556	1661	1446	1481	1494	1349	1395	1614	1135	1293	1277	1451	1431	1462	1525	1560	1649	1493	1509	1553	1536	1573	1368	1438	1388	1394	1332	1700	1643	1551	1521	1549	1641	1509	1543	1702	1266	1212	1250	1350	1255	1542	1454	1548	1522	1488	1310	1478	1498	1491	1283	1356	1402	1394	1360	1534	1546	1660	1367	1582	1440	1430	1475	1582	1362	1399	1321	1478	1416	1610	1692	1709	1510	1472	1579	1564	1693	1638	1414	1427	1491	1509	1528	1622	1479	1643	1540	1679	1562	1353	1676	1698	1313	1461	1271	1411	1318	1333	1549	1543	1560	1493	1399	1445	1578	1521	1309	1411	1343	1385	1442	1535	1532	1362	1585	1584	1710	1449	1730	1637	1567	1345	1423	1568	1342	1455	1433	1537	1470	1529	1472	1489	1519	1609	1462	1504	1458	1449	1399	1470	1557	1624	1625	1443	1815	1634	1871	1788	1586	1553	1564	1373	1426	1135	1767	1281	1353	1481	1460	1562	1467	1504	1395	1354	1320	1439	1363	1517	1545	1415	1293	1444	1628	1518	1613	1674	1451	1319	1261	1290	1237	1181	1404	1150	1388	1363	1459	1396	1361	1612	1415	1376	1393	1371	1439	1449	1302	1441	1402	1442	1378	1361	1394	1607	1437	1436	1294	1354	1163	1480	1454	1141	1349	1223	1234	1237	1273	1284	1306	1219	1257	1296	1187
4/21/2016 6:25:00 PM	28.0833333333333	1457	1552	1760	1514	1530	1563	1529	1629	1578	1567	1488	1490	1579	1565	1571	1640	1799	1287	1791	1461	1616	1718	1625	1641	1582	1186	1397	1555	1698	1641	1611	1478	1687	1607	1575	1698	1430	1574	1704	1769	1570	1610	1536	1594	1752	1904	1562	1443	1765	1555	1772	1434	1507	1341	1681	1662	1773	1306	1638	1602	1549	1483	1608	1609	1544	1582	1373	1538	1652	1672	1712	1971	1843	1809	1934	1750	1904	2069	1884	1669	1687	1731	1803	1480	1758	1792	1946	1763	1832	1838	1582	1797	1942	1474	1655	1617	1787	1719	1782	1860	1865	1991	1825	1811	1882	1922	1896	1766	1733	1601	1475	1445	2095	1894	1827	1893	1829	1970	1805	1967	2051	1610	1449	1584	1471	1573	1971	1761	1813	1755	1755	1587	1827	1834	1863	1628	1629	1746	1742	1635	1952	1700	1899	1777	1830	1769	1737	1835	1904	1752	1853	1622	1809	1657	1813	1960	1936	1686	1711	1925	1861	1972	1929	1727	1754	1848	1808	1795	1635	1743	1899	1880	1984	1755	1621	1948	2021	1624	1753	1724	1807	1564	1671	1830	1795	1786	1768	1759	1680	1862	1817	1439	1841	1539	1626	1679	1704	1784	1718	1827	1891	2003	1687	2039	1975	1804	1702	1688	1768	1456	1776	1740	1789	1827	1723	1710	1740	1827	1922	1798	1804	1836	1801	1651	1741	1984	1875	1878	1559	2082	1958	2152	2066	1860	1831	1849	1669	1730	1327	2018	1585	1659	1761	1774	1763	1805	1817	1748	1704	1626	1621	1601	1966	1887	1692	1404	1488	1826	1790	1923	2028	1546	1448	1625	1447	1508	1528	1584	1290	1580	1643	1694	1579	1697	1883	1720	1682	1709	1708	1679	1581	1512	1769	1673	1755	1665	1622	1474	1935	1746	1721	1578	1686	1489	1774	1754	1400	1657	1362	1501	1521	1507	1561	1587	1317	1539	1625	1498
4/21/2016 10:25:00 PM	32.0833333333333	1476	1712	2020	1691	1691	1787	1687	1843	1644	1745	1727	1637	1810	1648	1722	1897	1939	1493	2118	1509	1910	1709	1880	1905	1535	1156	1527	1774	1883	1942	1659	1613	1964	1585	1744	2106	1420	1641	1949	2001	1823	1807	1674	1804	1924	2121	1781	1485	2039	1845	2110	1653	1776	1310	1933	1920	1833	1320	1819	1888	1547	1695	1937	1869	1553	1736	1324	1572	1882	1986	1901	2328	2115	2041	2125	1961	2257	2334	2119	1944	1927	2024	1952	1596	1801	1762	2329	2021	2039	2068	1814	1988	2158	1482	1861	1743	2082	1981	1874	2188	2157	2224	2128	1878	1791	2110	2203	2002	2024	1720	1524	1428	2333	2203	2075	2145	2159	2313	2089	2292	2333	1848	1642	1756	1410	1796	2238	2166	2110	2139	1951	1883	2054	2109	2226	1858	1894	1816	1975	1787	2174	1698	2290	2047	2189	2047	2057	2186	2140	1918	1953	1901	2211	1989	2074	2176	2091	1598	2027	2306	1851	2161	2371	1835	1993	2136	1881	2089	1564	1808	2236	2028	2117	1975	1776	2291	2144	1894	2059	2006	2103	1640	1954	2134	2252	2069	2104	2009	1969	2206	2161	1408	2062	1485	1764	2009	1719	2138	1975	1903	2264	2197	2048	2275	2173	2092	1979	1988	1811	1628	1955	2061	2143	2114	1989	1978	2049	2203	2323	2125	2018	2166	2019	2004	2023	2153	2011	2155	1451	2557	2299	2187	2213	2114	2114	1954	1779	2024	1303	2146	1805	2027	2131	2060	2160	2083	2213	1982	1731	1907	1632	1684	2099	1868	1955	1389	1490	2018	2116	2294	2308	1559	1406	1919	1591	1776	1677	1834	1234	1793	1952	1848	1935	2014	2076	1788	2037	2005	2099	1895	1582	2067	2047	1943	2009	2007	1844	1560	2279	2049	1926	1949	2012	1766	1987	1959	1597	1943	1514	1559	1751	1791	1572	1888	1374	1847	1839	1703
4/22/2016 2:25:00 AM	36.0833333333333	1525	2145	2527	2095	2132	2143	2116	2335	2005	2204	2098	2049	2320	1815	1887	2406	2043	1658	2648	1634	2421	1741	2078	2451	1665	1281	1635	2205	2287	2403	1743	2092	2348	1791	2104	2517	1490	1882	2449	2476	2162	2158	1895	2212	2110	2594	1938	1641	2578	2337	2480	1830	2210	1395	2381	2359	2188	1467	2273	2296	1633	2200	2497	2396	1556	2112	1454	1688	2356	2393	2133	2815	2555	2485	2649	2375	2685	2820	2650	2448	2234	2505	2431	1756	1976	1876	2815	2350	2590	2563	1985	2216	2770	1622	2353	2208	2518	2465	2132	2687	2660	2724	2621	2133	2003	2601	2664	2473	2299	2070	1603	1452	2768	2637	2446	2642	2564	2826	2641	2709	2908	2316	2039	2280	1403	2203	2834	2571	2595	2557	2529	2320	2567	2625	2847	2121	2362	2125	2465	2093	2614	1800	2804	2544	2683	2497	2567	2727	2481	2241	2228	2360	2763	2391	2495	2360	2345	1614	2262	2888	2057	2702	2860	2372	2561	2788	2078	2459	1640	2091	2744	2149	2676	2103	2242	2880	2451	2365	2533	2422	2698	1852	2540	2420	2664	2597	2580	2449	2110	2818	2666	1568	2703	1540	2192	2473	1865	2555	2197	2009	2726	2485	2566	2667	2800	2553	2217	2562	1818	1739	2222	2536	2604	2586	2505	2171	2594	2752	2851	2596	2436	2565	2506	2475	2567	2717	2193	2436	1506	3132	2835	2171	2532	2567	2622	2177	1975	2558	1450	2359	2218	2469	2607	2534	2682	2501	2733	2567	1753	2376	1836	1778	2618	1885	2371	1619	1434	2504	2466	2848	2849	1622	1574	2444	1867	2261	1993	2700	1361	1927	2315	2139	2499	2518	2544	2296	2546	2516	2618	2311	1689	2500	2608	2413	2353	2545	2316	1700	2728	2452	2117	2334	2489	2291	2219	2477	1837	2479	1839	1917	2226	2195	1763	2350	1702	2312	2181	2121
4/22/2016 6:25:00 AM	40.0833333333333	1618	2202	2804	2335	2395	2395	2269	2623	2272	2368	2333	2312	2656	1894	1909	2677	2070	1694	2926	1985	2754	1696	2106	2859	1797	1323	1695	2546	2581	2574	1844	2443	2651	1818	2462	2881	1522	2008	2833	2864	2385	2276	1994	2528	2084	2961	1991	1666	2854	2575	2647	1812	2528	1381	2772	2678	2294	1626	2554	2592	1702	2444	2795	2671	1558	2245	1514	1757	2610	2755	2169	3088	2776	2595	2851	2461	2834	3020	2941	2721	2374	2790	2932	1766	1921	1966	2899	2475	2820	2919	2024	2227	3111	1606	2721	2476	2857	2867	2451	3032	2947	3019	2982	2280	2089	2729	3090	2771	2419	2434	1821	1484	3097	2954	2651	2967	2834	3210	2924	2910	3315	2553	2299	2637	1436	2472	3008	2935	2857	2886	2727	2545	2860	3077	3150	2173	2639	2152	2834	2303	2706	1902	3156	2881	3037	2881	2784	3138	2607	2287	2402	2567	3188	2703	2768	2373	2482	1685	2268	3216	2149	2892	3272	2701	2932	3179	2185	2618	1693	2300	3026	2330	2972	2151	2564	3187	2546	2701	2938	2558	3037	1906	2761	2494	3074	2938	2829	2580	2122	3177	3037	1763	3017	1519	2572	2747	1998	2897	2358	2053	3059	2557	2900	2822	3146	2883	2340	2835	1814	1776	2206	2890	2943	2888	2827	2152	2867	3126	3302	2897	2929	2699	2747	2794	2823	2897	2216	2446	1490	3426	3050	2213	2678	2863	2988	2188	2029	2876	1524	2353	2496	2929	2987	2910	2896	2760	3015	2822	1788	2722	1941	1819	2839	1825	2583	1719	1494	2846	2610	3173	3175	1799	1646	2767	2333	2539	2001	2993	1445	1990	2698	2350	2828	2919	2848	2581	2920	2767	3009	2620	1768	2708	2890	2838	2505	2764	2604	1746	2917	2671	2057	2701	2806	2617	2286	2725	1948	2895	2166	2139	2574	2474	1785	2603	1966	2540	2413	2507
4/22/2016 10:25:00 AM	44.0833333333333	1726	2379	2990	2808	2823	2541	2718	3132	2525	2562	2764	2891	3233	1896	1986	3164	2098	1678	3279	2175	3412	1710	2160	3530	2032	1363	1715	3024	3058	2739	2075	2599	3223	1907	2750	3682	1513	2057	3602	3531	2863	2430	2060	3121	2141	3419	1996	1677	3547	3009	2742	1924	3220	1406	3535	3252	2305	1764	2879	3294	1765	3009	3561	3379	1611	2494	1606	1962	3226	3145	2246	3720	3176	2743	2973	2660	3014	3521	3376	3363	2584	3430	3206	1802	1919	2005	3165	2570	3316	3431	2063	2377	3812	1963	3342	2803	3554	3354	2690	3763	3667	3808	3724	2359	2127	2904	3867	3484	2674	2695	1979	1473	3672	3404	2790	3689	2895	3626	3659	3008	3838	3103	2648	2984	1462	2899	3196	3668	3590	3654	3276	3184	3674	3742	3678	2343	3368	2184	3600	2599	2863	1984	3911	3737	3747	3631	3341	3909	2653	2399	2426	3001	4012	3344	3003	2392	2558	1711	2418	3964	2258	3227	4119	3075	3583	3870	2257	2667	1723	2528	3794	2375	3475	2168	2727	3873	2569	3386	3569	2738	3894	2029	3496	2559	3836	3665	3453	2742	2185	3599	3815	1929	3870	1545	2887	3076	2174	3502	2510	2066	3770	2627	3666	2965	3970	3578	2463	3572	1788	1836	2330	3519	3765	3657	3212	2182	3601	4053	4141	3685	3261	2850	2933	2915	3389	3108	2212	2549	1467	4303	3600	2184	2724	3498	3744	2298	2065	3470	1610	2399	2946	3742	3730	3770	3624	3240	3767	3620	1771	3418	2015	1929	3280	1854	2976	1878	1539	3176	2872	3927	3864	1816	1750	3530	2459	3153	2147	3409	1481	2007	3169	2629	3224	3765	3119	2702	3624	3510	3740	3123	1913	3278	3579	3478	2609	3097	3009	1831	3130	3251	2140	3353	3077	3168	2296	3231	2111	3503	2419	2361	2953	2994	1881	3175	2139	2781	2478	2939
4/22/2016 2:25:00 PM	48.0833333333333	1729	2400	3215	3282	3461	2649	3387	3842	2733	2763	3405	3472	3939	1964	2148	3764	2144	1665	3568	2375	4204	1741	2341	4431	2233	1438	1731	3754	3766	2881	2251	2636	3745	1987	3278	4463	1551	2025	4503	4331	3384	2456	2193	3844	2169	4049	2039	1692	4417	3606	2932	1965	3970	1502	4306	3992	2368	1758	3542	4036	1713	3732	4360	4301	1715	2759	1657	2211	3985	3711	2352	4682	3778	2826	3125	2654	3091	4194	4144	4144	2891	4191	3557	1885	1954	2022	3271	2639	4203	4230	2103	2575	4715	2058	4177	3347	4417	4058	2796	4595	4571	4652	4691	2482	2216	3015	4678	4292	2964	2639	1964	1525	4397	4116	2813	4645	3124	4072	4506	3133	4661	3789	3172	3599	1531	3484	3474	4550	4372	4548	4050	3884	4447	4596	4361	2530	4151	2266	4408	2818	2877	1961	4893	4425	4661	4379	4123	4906	2707	2427	2502	3712	4871	4072	3423	2409	2581	1780	2572	4785	2327	3530	4965	3511	4546	4774	2356	2722	1789	2767	4691	2407	4044	2155	2867	4830	2599	4220	4390	2819	4978	2141	4309	2703	4746	4559	4325	2831	2282	4353	4557	1847	4720	1694	3206	3942	2326	4316	2657	2036	4696	2695	4515	3093	4839	4376	2640	4571	1783	1807	2420	4335	4704	4397	3938	2174	4436	4791	4947	4454	3688	2964	3187	3183	4365	3138	2210	2752	1535	5181	4468	2132	2709	4279	4545	2389	2202	4277	1593	2339	3723	4486	4581	4529	4301	3962	4791	4419	1733	4195	2088	1910	3883	1902	3565	1881	1624	3685	3226	4801	4840	1811	1745	4303	2462	3838	2314	4097	1552	2029	4015	2705	3725	4729	3460	2802	4591	4362	4668	3711	1752	3831	4563	4340	2650	3516	3616	1789	3281	3887	2302	4205	3420	3924	2475	3848	2311	4344	2395	2492	3695	3716	1955	3934	2164	3124	2552	3566
4/22/2016 6:25:00 PM	52.0833333333333	1543	2452	3440	3901	4050	2870	3883	4613	2950	3008	3987	4030	4592	2079	2228	4389	2187	1669	4018	2517	4977	1795	2515	5225	2402	1339	1673	4342	4360	2994	2370	2560	4336	1965	3865	5315	1562	2015	5348	5126	3801	2439	2266	4514	2253	4828	2000	1680	5283	4058	2976	2202	4706	1583	5106	4678	2345	1731	4128	4769	1703	4512	5079	5014	1734	3120	1598	2357	4658	4345	2477	5448	4414	2854	3190	2733	3089	5073	4822	4781	3251	4919	4096	1810	1944	1961	3386	2730	4711	4919	2055	2893	5543	2063	4962	3997	5100	4796	3099	5461	5259	5454	5369	2434	2268	3133	5577	5068	3240	2584	1874	1442	5169	4870	2848	5394	3267	4623	5242	3151	5430	4518	3793	4318	1514	4123	3833	5315	5177	5273	4799	4466	5368	5361	4992	2747	5004	2276	5223	3076	2951	1923	5761	5257	5463	5258	4919	5785	2731	2430	2466	4280	5716	4671	3984	2459	2562	1725	2744	5617	2397	4117	5884	4080	5384	5513	2293	2782	1815	3114	5444	2394	4739	2191	3223	5765	2587	5059	5093	2877	5767	2309	5011	2905	5585	5399	5024	2880	2395	4922	5406	1909	5650	1602	3719	4556	2523	5067	2896	2089	5485	2619	5216	3217	5636	5094	2813	5331	1761	1798	2708	5184	5501	5110	4630	2332	5202	5816	5838	5395	4286	2967	3543	3357	5014	3217	2250	2875	1473	6094	5203	2102	2702	4943	5435	2597	2237	5101	1519	2381	4350	5306	5455	5374	4944	4578	5536	5310	1752	5014	2071	1934	4546	1797	4274	1811	1578	4237	3564	5614	5640	1683	1633	5095	2299	4516	2401	4738	1452	2065	4693	2987	4132	5506	3835	3136	5291	5071	5520	4184	1620	4235	5283	5165	2716	3898	4307	1735	3375	4416	2503	4919	3691	4585	2461	4457	2528	5117	2379	2649	4446	4349	2017	4560	2076	3378	2571	4199
4/22/2016 10:25:00 PM	56.0833333333333	1635	2513	3861	4510	4804	3123	4451	5264	3256	3292	4575	4842	5394	2190	2448	5043	2322	1654	4419	2722	6047	1740	2732	6322	2525	1256	1773	5071	5154	3133	2502	2445	5068	2029	4427	6567	1587	2022	6585	6213	4600	2521	2360	5610	2402	5558	2065	1758	6577	4522	3170	2449	5839	1676	6399	5631	2418	1616	4597	5742	1762	5534	6305	6171	1889	3493	1504	2518	5751	5157	2537	6492	5139	2948	3424	2803	3132	5873	5602	5761	3570	6011	4576	1812	1961	2018	3572	2893	5751	5865	2123	3315	6741	2083	6095	4542	6297	5699	3597	6676	6663	6770	6687	2493	2304	3146	6912	6190	3656	2514	1819	1603	6041	5749	2925	6704	3501	5210	6560	3325	6233	5411	4297	5047	1512	4866	4399	6407	6333	6708	5867	5451	6644	6576	5670	2975	6097	2320	6597	3469	3031	1906	7071	6561	6587	6582	5899	7086	2727	2486	2462	5050	6953	5546	4610	2613	2574	1831	2913	6711	2412	4678	7273	4639	6622	6542	2306	2839	1938	3462	6633	2424	5582	2280	3705	6894	2656	6200	6280	2907	7072	2576	6238	3099	6960	6620	6094	2908	2520	5440	6874	1748	6944	1646	4186	5215	2624	6116	3112	2108	6906	2731	6499	3459	7031	6332	3114	6685	1750	1834	2990	6466	6877	6189	5273	2473	6358	7003	6933	6649	4787	3073	4014	3561	5908	3269	2259	3044	1557	7432	6224	2214	2712	5975	6726	2938	2496	6160	1492	2476	5001	6615	6754	6815	5838	5443	6812	6631	1703	6243	2080	1949	5216	1610	5010	1742	1574	4868	4002	6932	6832	1684	1610	6292	2270	5576	2606	5470	1457	2118	5685	3377	4597	6858	4291	3633	6606	6228	6731	4795	1567	4954	6466	6293	2939	4178	4866	1714	3594	5128	2760	6174	4111	5408	2564	5097	2776	6181	2296	2963	5233	5220	2011	5419	2023	3723	2579	4818
4/23/2016 2:25:00 AM	60.0833333333333	1599	2495	4309	5092	5582	3442	5221	6094	3546	3612	5494	5671	6205	2358	2653	5988	2474	1674	4827	2815	7382	1725	3006	7635	2692	1245	1759	5927	6118	3323	2626	2355	5704	2030	5169	7968	1550	1998	7837	7350	5223	2518	2521	6774	2528	6618	2046	1707	7775	5089	3364	2688	7080	1721	7706	6777	2358	1593	5622	6795	1766	6811	7652	7577	1975	3948	1465	2580	7061	5851	2655	7994	6035	2890	3635	2804	3166	7005	6482	6816	4002	7275	5118	1836	1898	2023	3753	3082	7144	7023	2131	3731	8123	2146	7574	5308	7482	6681	3976	8139	8187	8045	8205	2439	2294	3148	8282	7623	4145	2446	1876	1695	6935	6933	2897	8166	3731	5718	7948	3284	7182	6548	5009	5898	1537	5894	4887	7417	7638	8118	7172	6645	7933	7742	6368	3240	7456	2295	7957	3741	3229	1903	8475	7855	7685	7954	7007	8700	2785	2460	2448	6081	7884	6644	5144	2791	2561	1932	3151	7745	2449	5267	8717	5134	8064	7842	2275	2798	2016	3758	7903	2448	6455	2270	4172	8176	2673	7531	7652	2940	8607	2837	7521	3244	8321	8041	7439	2884	2659	6144	8192	1740	8303	1621	4684	6146	2727	7334	3408	2159	8313	2661	8048	3698	8486	7764	3444	8189	1716	1859	3358	7766	8389	7326	6352	2630	7791	8458	8102	7973	5378	3093	4662	3677	7398	3332	2355	3258	1568	8877	7477	2131	2700	7377	8077	3176	2645	7305	1480	2544	5925	7630	8182	8237	6808	6674	8171	8063	1726	7580	2034	1936	6054	1490	6021	1660	1555	5377	4499	8301	8303	1691	1559	7665	2143	6699	2756	6297	1384	2264	7130	3768	5201	8190	4714	4035	7951	7498	8072	5602	1509	5715	7920	7536	3128	4545	5713	1615	3778	6030	2983	7426	4518	6322	2692	5871	3108	7397	2180	3406	6272	6255	2091	6676	1917	4034	2622	5407
4/23/2016 6:25:00 AM	64.0833333333333	1569	2464	4787	5946	6478	3777	6043	6988	3896	4050	6355	6569	7046	2469	2863	6811	2523	1632	5247	2933	8402	1770	3240	8784	2782	1252	1761	6851	7196	3585	2723	2299	6346	2085	6040	9215	1630	1979	8770	8310	5842	2541	2612	7804	2639	7391	2075	1688	9064	5666	3692	2952	8223	1800	8881	7799	2439	1565	6735	7654	1758	7847	8630	8712	2032	4369	1453	2772	8207	6738	2808	9165	7169	2896	3860	2742	3144	8161	7350	7681	4479	8497	5613	1885	1981	2072	4021	3347	8367	8066	2170	4018	9342	2211	8830	6312	8603	7770	4384	9294	9206	9186	9298	2370	2422	3190	9364	8694	4558	2410	1733	1718	7950	7876	2921	9314	3930	6437	9177	3325	8058	7830	6085	6746	1594	7031	5436	8310	8749	9206	8387	7726	9188	8795	7115	3607	8680	2316	9056	4188	3420	1864	9606	9002	8541	9156	8037	9896	2845	2464	2501	7225	8572	7787	5679	2910	2560	1984	3331	8485	2529	5824	9966	5681	9098	8777	2248	2873	2072	4176	8957	2384	7389	2333	4438	9216	2699	8695	8733	2934	9731	3101	8501	3369	9378	9216	8528	2886	2799	6651	9489	1670	9484	1725	5148	7093	2848	8393	3728	2145	9548	2700	9180	4094	9534	8903	3725	9445	1743	1860	3635	8936	9491	8338	7568	2739	8955	9375	9063	9233	5844	3119	5284	3862	8496	3319	2412	3459	1570	9930	8627	2132	2777	8575	9321	3473	2864	8458	1439	2561	6857	8659	9297	9311	7638	7691	9244	9122	1705	8748	2022	1899	6853	1458	7157	1636	1633	5951	5005	9465	9313	1510	1576	8774	2150	7731	2975	7094	1340	2243	8284	4005	5647	9392	5247	4396	9039	8601	9118	6414	1475	6448	8982	8654	3366	4807	7046	1600	4010	6823	3181	8528	4821	7060	2838	6610	3405	8415	2074	3749	7828	7372	2151	7686	1889	4429	2607	6068
4/23/2016 10:25:00 AM	68.0833333333333	1537	2405	5184	6562	7126	4196	6616	7502	4173	4468	7107	7394	7572	2590	2990	7521	2654	1635	5591	2968	9468	1674	3367	9624	2856	1236	1787	7413	7897	3775	2724	2222	6966	2133	6709	10225	1557	2013	9685	9217	6542	2522	2673	8822	2729	8176	2068	1684	10173	6117	4024	3200	9279	1847	9930	8616	2354	1472	7575	8715	1757	8923	9749	9877	2056	4799	1377	2866	9229	7417	2917	10162	8087	2906	4074	2779	3159	9095	8088	8476	4915	9625	6214	1838	2005	1985	4229	3598	9401	8856	2155	4415	10435	2199	9952	7256	9607	8688	4749	10262	10384	10375	10482	2395	2353	3237	10648	9798	4972	2309	1640	1735	8696	8870	2925	10348	4202	6867	10384	3301	8803	8779	6939	7480	1589	7773	6050	9000	9716	10388	9511	8878	10421	9889	7638	3762	9798	2264	10254	4607	3691	1855	10722	10112	9344	10462	8815	11080	2860	2449	2443	8104	9333	8577	6296	2982	2542	1992	3519	9305	2577	6325	11215	6289	10281	9732	2244	2833	2051	4484	9982	2377	8291	2362	5014	10045	2587	9584	9832	2887	10718	3300	9366	3574	10573	10317	9498	2902	2925	7246	10904	1558	10516	1749	5707	7815	2878	9199	3932	2248	10743	2771	10155	4467	10721	10253	4025	10660	1704	1821	3831	10100	10547	9291	8444	2863	9977	10563	10070	10377	6437	3113	6044	3922	9274	3306	2454	3736	1551	10843	9463	2136	2694	9516	10596	3726	3036	9378	1416	2540	7486	9892	10368	10496	8467	8606	10130	10521	1683	9884	1981	1824	7572	1459	8034	1577	1578	6549	5452	10555	10099	1596	1483	9882	2037	8575	3169	7710	1322	2296	9261	4397	6013	10580	5770	4755	10231	9568	10102	7106	1405	7059	10075	9785	3628	5151	8070	1550	4231	7477	3422	9597	5326	7694	2900	7213	3577	9268	2013	4109	8754	8280	2121	8529	1802	4756	2598	6527
4/23/2016 2:25:00 PM	72.0833333333333	1523	2422	5793	7096	7769	4579	7094	8008	4380	4957	7692	8231	8040	2671	3190	8387	2772	1645	5955	3055	10478	1713	3738	10649	2938	1146	1780	8128	8544	4017	2808	2173	7636	2174	7450	11355	1593	1986	10652	10152	7247	2474	2831	9896	2855	8877	2103	1739	11275	6545	4478	3460	10392	1880	10982	9389	2391	1471	8264	9453	1741	10055	10810	11058	2053	5320	1422	2977	10347	8221	3086	11115	8806	2881	4376	2772	3126	10032	8743	9156	5523	10794	6655	1920	1947	2011	4439	3966	10719	9603	2201	4873	11496	2133	11247	8254	10534	9528	5179	11395	11635	11450	11667	2357	2401	3306	11828	11059	5510	2149	1598	1843	9228	9642	2916	11379	4440	7440	11399	3336	9433	9833	7928	8210	1594	8640	6673	9787	10896	11470	10590	10140	11508	10916	8171	4187	10793	2281	11260	5026	4020	1786	11861	11129	10107	11555	9515	12179	2901	2448	2456	9057	9970	9531	6814	3170	2505	2033	3787	10071	2500	6708	12457	6798	11457	10774	2196	2862	2170	4927	11012	2304	9035	2408	5578	10952	2627	10617	10884	2904	11839	3607	10225	3827	11731	11494	10608	2893	3012	7794	11972	1541	11700	1645	6268	8630	2997	10076	4283	2237	11919	2759	11461	4925	11952	11422	4352	11919	1698	1831	4244	11201	11740	10289	9280	2980	11318	11718	10948	11591	6989	3182	6856	4073	10249	3388	2490	4014	1582	11967	10551	2143	2655	10695	11684	4092	3320	10295	1370	2603	8071	10705	11503	11655	9195	9589	11268	11627	1683	10970	1946	1731	8312	1494	8835	1497	1579	7186	6039	11866	11211	1580	1472	11074	1966	9435	3427	8318	1257	2325	10370	4799	6512	11801	6102	5370	11386	10605	10981	7662	1331	7723	11013	10523	4014	5461	9041	1572	4436	8298	3732	10709	5683	8307	3028	7885	3872	10092	1960	4426	9766	9202	2183	9496	1722	5156	2585	7036
4/23/2016 6:25:00 PM	76.0833333333333	1441	2416	6337	7579	8142	4914	7418	8416	4738	5248	8179	8926	8607	2755	3305	9032	2870	1641	6359	3157	11409	1701	3986	11409	3016	1129	1853	8560	9058	4193	2837	2115	8245	2177	8114	12116	1645	1953	11287	10802	7802	2439	2938	10810	2976	9544	2144	1722	12041	7027	4935	3819	11304	1994	11955	10101	2368	1399	9326	10168	1746	10921	11655	11994	2148	5852	1320	3005	11301	8885	3197	11919	9613	2872	4611	2722	3193	10920	9453	9874	5947	11701	7118	1873	1951	1966	4671	4353	11885	10277	2174	5203	12462	2186	12321	9243	11251	10447	5675	12190	12349	12383	12518	2363	2379	3248	12645	12043	6025	2158	1557	1817	9771	10399	2872	12390	4721	7955	12482	3397	10054	10727	8836	8723	1575	9394	7265	10320	11606	12304	11578	11296	12371	11747	8679	4543	11803	2297	12176	5420	4363	1731	12811	12117	10719	12356	10225	13187	2985	2476	2421	9897	10633	10456	7236	3221	2507	2007	4023	10677	2480	7089	13254	7323	12317	11606	2125	2854	2142	5266	11955	2380	9681	2430	6086	11548	2577	11386	11765	2882	12735	3976	11137	4005	12497	12413	11632	2859	3192	8246	12951	1490	12684	1680	6731	9314	3015	10892	4598	2260	12783	2799	12269	5402	12832	12213	4786	12823	1747	1862	4480	12025	12482	11001	10524	3185	12236	12499	11767	12430	7414	3137	7521	4147	11113	3395	2431	4241	1591	12819	11343	2127	2686	11781	12551	4416	3630	11169	1358	2590	8728	11523	12431	12582	9893	10497	10440	12357	1651	11846	1952	1705	8927	1444	9699	1490	1596	7474	6551	12527	11912	1473	1446	12029	1889	10235	3526	8954	1209	2394	11348	5364	6870	12697	6491	5900	12138	11379	11851	8240	1286	8328	11916	11329	4466	5726	10077	1553	4648	8930	4140	11611	6025	8727	3119	8522	4175	10743	1912	4804	10622	9980	2232	10172	1658	5474	2573	7276
4/23/2016 10:25:00 PM	80.0833333333333	1396	2445	6816	7970	8559	5331	7790	8796	4985	5822	8672	9445	8828	2814	3514	9729	3070	1633	6655	3276	12066	1704	4172	12183	3136	1127	1856	9070	9757	4405	2872	2041	8751	2244	8731	12875	1647	1943	11983	11453	8334	2483	3106	11512	3149	10179	2124	1703	12980	7359	5310	4142	12105	2034	12750	10769	2443	1410	10371	10893	1789	11571	12311	12770	2155	6413	1320	3057	11996	9477	3339	12653	10255	2919	4855	2741	3097	11725	9969	10305	6482	12552	7572	1893	1931	1983	4967	4826	12899	10926	2257	5725	13215	2236	12996	10300	11832	11183	6048	13158	13213	13101	13259	2351	2437	3315	13599	12862	6530	2192	1572	1911	10195	11175	2890	13181	5055	8278	13028	3423	10574	11589	9734	9417	1625	10123	7856	10882	12336	13271	12316	12216	13143	12442	9103	4991	12615	2295	12919	5780	4761	1675	13493	12906	11274	13240	10853	13922	3121	2521	2409	10642	10996	11217	7724	3400	2504	2025	4307	11397	2528	7542	14168	7857	12993	12223	2180	2896	2123	5583	12813	2374	10327	2513	6608	12199	2626	12131	12571	2954	13384	4259	11804	4265	13356	13220	12381	2900	3401	8790	13879	1467	13539	1725	7156	9880	3139	11426	5043	2365	13532	2915	13046	5934	13601	13100	5271	13695	1701	1902	4792	12755	13433	11765	11437	3370	13040	13240	12582	13312	7853	3189	8267	4252	11867	3425	2495	4591	1614	13680	12071	2145	2620	12628	13366	4717	3914	11803	1338	2640	9418	12229	13008	13388	10438	11300	12612	13319	1664	12641	1915	1648	9380	1391	10522	1432	1573	8082	7066	13475	12545	1477	1371	12833	1906	10955	3833	9491	1149	2460	12093	5796	7289	13553	7141	6340	12989	12145	12483	8698	1237	8787	12745	11963	4859	6050	11061	1469	4918	9519	4468	12302	6352	9175	3430	9087	4412	11449	1846	5158	11380	10689	2288	10865	1620	5746	2572	7496
4/24/2016 2:25:00 AM	84.0833333333333	1398	2419	7212	8247	8848	5592	8042	8955	5201	6171	9042	10011	9329	2910	3663	10169	3207	1639	6972	3377	12719	1784	4341	12621	3215	1112	1873	9502	10151	4622	2991	1962	9127	2250	9275	13432	1683	1956	12672	11970	8859	2444	3265	12133	3290	10672	2203	1728	13615	7660	5826	4454	12653	2054	13315	11176	2469	1339	11137	11462	1770	12284	12980	13469	2195	6720	1289	3068	12579	9925	3526	13224	10749	2899	5141	2713	3159	12282	10299	10928	6928	13238	8057	1882	1929	2004	5250	5304	13694	11507	2257	6042	13887	2243	13862	11135	12582	11900	6382	13677	13953	13770	13930	2302	2423	3349	14140	13531	7071	2078	1442	1998	10662	11734	2905	13690	5369	8644	13675	3507	11028	12087	10600	9873	1627	10711	8460	11463	13035	13863	12926	13053	13732	13078	9570	5379	13307	2338	13662	6062	5151	1749	14060	13524	11778	13828	11379	14604	3197	2588	2418	11214	11638	11870	8021	3574	2515	2102	4573	11870	2578	7870	14917	8259	13677	12897	2117	2919	2224	5918	13474	2335	10832	2554	6947	12870	2599	12750	13142	2886	14041	4530	12317	4565	13991	13784	12916	2967	3510	9201	14647	1483	14240	1692	7625	10578	3171	11932	5320	2360	14052	2994	13540	6444	14386	13809	5711	14354	1700	1875	5031	13335	13831	12435	12188	3542	13695	13874	13203	13852	8328	3255	9001	4292	12417	3455	2577	4830	1649	14326	12701	2121	2660	13230	14064	4976	4243	12317	1267	2738	9612	12933	13641	14128	11017	11845	13142	13953	1616	13246	1827	1574	9897	1420	11111	1408	1636	8452	7478	13992	13060	1421	1294	13422	1790	11401	4064	9886	1139	2526	12666	6227	7612	14236	7420	6729	13514	12791	13189	9192	1219	9208	13205	12607	5377	6228	11949	1440	5012	9992	4789	13049	6646	9506	3568	9539	4745	11764	1744	5515	12019	11088	2295	11329	1557	6067	2553	7706
4/24/2016 6:25:00 AM	88.0833333333333	1310	2403	7714	8656	9243	5959	8270	9228	5244	6454	9416	10485	9745	2948	3810	10779	3341	1622	7368	3395	13285	1729	4563	13164	3293	1084	1873	9785	10621	4746	3058	1910	9584	2292	9779	14028	1666	1908	13167	12372	9189	2459	3398	12618	3438	11186	2201	1725	14027	8050	6331	4635	13308	2072	13919	11569	2477	1328	11845	12012	1744	12903	13666	13935	2214	7208	1257	3237	12987	10380	3649	13676	11233	2878	5290	2741	3136	12878	10834	11538	7358	13792	8412	1864	1970	1999	5437	5703	14393	11870	2210	6255	14402	2253	14356	11928	13029	12485	6669	14073	14384	14276	14486	2234	2431	3346	14676	14064	7578	2006	1516	1970	11127	12234	2924	14105	5401	9073	14186	3497	11480	12641	11441	10236	1607	11002	8865	11889	13514	14313	13470	13935	14232	13521	9930	5794	13856	2386	14225	6348	5424	1693	14550	14003	12240	14411	11778	15193	3285	2606	2407	11669	12313	12519	8361	3714	2499	2088	4855	12387	2620	8207	15632	8687	14129	13616	2112	2922	2284	6193	14211	2308	11276	2656	7345	13380	2586	13324	13634	2916	14527	4753	12928	4773	14505	14283	13489	2931	3707	9527	15189	1454	14841	1729	7967	11160	3206	12398	5698	2379	14654	3043	14087	6983	14796	14423	6083	14861	1739	1873	5272	13854	14553	12875	12872	3673	14281	14471	13645	14439	8665	3227	9549	4348	12936	3516	2645	5110	1657	14857	13371	2147	2657	13794	14640	5199	4447	12874	1252	2796	10024	13365	14158	14559	11420	12482	13705	14461	1648	13825	1798	1511	10342	1419	11675	1359	1629	8924	8064	14571	13603	1323	1297	13968	1757	11905	4237	10260	1163	2590	13221	6624	7936	14842	7730	7059	14101	13246	13635	9530	1112	9615	13662	13053	5692	6393	12731	1407	5241	10527	5051	13533	6882	9944	3662	10017	4960	12369	1656	5825	12581	11688	2358	11865	1577	6300	2531	7804
4/24/2016 10:25:00 AM	92.0833333333333	1318	2399	7942	8742	9351	6043	8303	9317	5309	6695	9729	10766	10068	2944	3852	11349	3393	1649	7707	3525	13644	1727	4621	13583	3343	1015	1898	10053	10997	4847	3096	1889	9978	2308	10112	14501	1737	1954	13619	12847	9618	2402	3489	12973	3579	11593	2208	1746	14467	8348	6718	4782	13573	2109	14337	11863	2487	1298	12453	12362	1769	13312	14073	14389	2260	7604	1239	3264	13525	10827	3805	14030	11470	2874	5398	2747	3102	13257	11236	12011	7748	14263	8766	1880	1964	1999	5578	6186	14964	12232	2269	6480	14823	2320	14623	12512	13490	13089	6925	14610	14721	14786	14811	2255	2495	3391	15214	14546	7869	1929	1436	2028	11454	12776	2936	14576	5678	9415	14619	3479	11890	13261	12055	10579	1629	11457	9241	12312	13895	14719	13783	14467	14608	13909	10313	6173	14196	2414	14701	6505	5807	1661	14909	14308	12767	14733	12138	15671	3470	2710	2348	12131	12733	12907	8522	3831	2408	2168	5015	12822	2696	8486	16152	8933	14530	14065	2041	2869	2347	6407	14609	2354	11764	2695	7779	13693	2541	13739	14071	2894	15043	4906	13349	4990	14841	14787	13851	2905	3827	9900	15656	1389	15238	1681	8245	11635	3292	12841	6034	2485	14990	3149	14487	7451	15374	14751	6496	15323	1728	1916	5401	14315	14848	13256	13633	3797	14741	14909	14091	14697	9075	3202	9985	4394	13458	3511	2696	5350	1645	15410	13980	2163	2620	14142	14889	5404	4642	13341	1248	2768	10324	13833	14657	14982	11804	12872	13965	14711	1653	14196	1826	1510	10705	1447	12043	1304	1688	9340	8427	14953	13974	1369	1310	14496	1656	12256	4522	10643	1078	2636	13559	6989	8233	15306	8004	7421	14657	13842	14153	9885	1094	9966	14181	13574	6105	6612	13445	1311	5445	10753	5146	14048	7107	10271	3717	10244	5164	12673	1624	6125	13114	12078	2400	12290	1538	6588	2534	7870
4/24/2016 2:25:00 PM	96.0833333333333	1235	2386	8294	9129	9588	6261	8418	9484	5313	6963	9981	11350	10419	2908	3843	11902	3468	1625	7956	3544	14094	1705	4750	14194	3447	1024	1889	10381	11424	5061	3083	1812	10321	2355	10528	14972	1672	1926	14354	13360	9958	2419	3639	13406	3687	12120	2197	1696	14899	8771	7121	5055	14180	2075	14977	12354	2474	1227	13276	12873	1741	13745	14663	14783	2210	7997	1187	3368	14003	11394	3983	14605	12090	2842	5611	2663	3113	13759	11736	12570	8355	14724	9198	1851	1900	1905	5848	6593	15826	12624	2277	6638	15260	2299	15414	13297	13950	13648	7195	15102	15208	15246	15330	2172	2522	3370	15676	15049	8407	1829	1403	2049	11976	13362	2852	15102	5841	9852	15072	3549	12197	13642	12895	11039	1625	11947	9648	12878	14380	15133	14292	15123	15169	14494	10741	6567	14869	2426	15227	6673	6135	1613	15416	14844	13411	15135	12534	16207	3493	2717	2407	12717	13387	13497	8790	3941	2431	2177	5355	13397	2685	8744	16686	9288	15182	14627	1979	2928	2233	6706	15371	2265	12313	2727	8148	14116	2554	14427	14617	2892	15608	4998	13882	5209	15301	15255	14304	2874	3870	10215	16178	1355	15881	1734	8671	12232	3302	13238	6334	2478	15480	3225	14888	7919	15839	15324	6969	15954	1711	1864	5474	14817	15426	13784	14318	3942	15225	15350	14706	15451	9403	3178	10474	4413	13909	3537	2721	5659	1633	15881	14539	2154	2584	14763	15677	5650	4830	13900	1217	2866	10756	14320	15190	15354	12234	13372	14422	15492	1627	14769	1790	1433	11170	1410	12555	1295	1640	9742	8998	15339	14524	1301	1254	15008	1655	12812	4710	11092	1047	2732	14130	7422	8565	16039	8281	7898	15290	14387	14844	10189	1057	10408	14671	13997	6526	6694	14184	1325	5566	11299	5375	14577	7555	10714	3776	10800	5404	13309	1576	6436	13683	12509	2373	12866	1475	6839	2570	7965
4/24/2016 6:25:00 PM	100.083333333333	1301	2373	8594	9375	9979	6420	8577	9653	5370	7211	10383	11777	10941	2891	4064	12572	3596	1629	8316	3630	14767	1792	4915	14753	3523	980	1908	10810	12037	5274	3159	1813	10793	2498	11204	15614	1779	1907	14932	14044	10449	2345	3840	13991	3822	12677	2255	1701	15565	9169	7507	5242	14793	2333	15529	12837	2625	1213	13885	13391	1797	14487	15381	15514	2328	8586	1153	3369	14638	11968	4136	15208	12502	2842	5938	2817	3154	14319	12219	13415	8824	15470	9602	1892	1932	1955	6114	7234	16578	13274	2331	6887	16044	2383	15965	14147	14704	14470	7529	15698	15806	15652	15861	2159	2636	3408	16226	15593	8973	1827	1328	2116	12473	13898	2879	15579	6093	10395	15613	3561	12784	14279	13653	11535	1690	12490	10257	13519	14990	15643	14789	15847	15701	14915	11163	7093	15254	2407	15912	6949	6597	1608	15902	15236	13993	15682	13066	16712	3613	2810	2374	13215	14362	14240	9212	4055	2396	2261	5579	14093	2739	9044	17254	9664	15733	15265	1971	2949	2388	6912	15890	2236	12842	2781	8673	14972	2608	15073	15234	2909	16315	5210	14593	5449	15876	15810	14818	2917	4115	10721	16763	1320	16415	1757	9165	12163	3350	14009	6702	2530	16166	3325	15701	8370	16281	15900	7591	16636	1750	1888	5691	15344	15891	14428	15054	4058	15786	16100	15304	15864	9899	3230	11131	4611	14584	3516	2810	5865	1631	16576	15336	2100	2662	15270	16167	5876	4947	14419	1211	2885	11077	14923	15630	16014	12660	13972	14998	16000	1675	15342	1717	1380	11658	1427	13163	1263	1737	10155	9532	15913	15012	1252	1212	15687	1684	13481	5051	11579	1064	2777	14689	7791	8921	16557	8657	8228	15867	15009	15721	10622	1027	10896	15248	14786	7006	7012	14924	1354	5861	11837	5591	15225	7901	11268	3854	11008	5675	13878	1523	6622	14264	13160	2461	13432	1443	7185	2508	8064
4/24/2016 10:25:00 PM	104.083333333333	1220	2344	8947	9689	10169	6456	8630	9828	5415	7398	10697	12218	11384	2775	4105	13337	3701	1637	8844	3577	15392	1707	5033	15503	3528	952	1873	11120	12594	5487	3205	1766	11219	2477	11535	16286	1765	1880	15674	14700	10912	2403	4015	14482	4004	13370	2297	1668	16122	9770	7972	5504	15310	2290	16235	13476	2537	1180	14724	13983	1746	14834	15765	15949	2317	8976	1142	3425	15298	12530	4291	15612	13001	2903	6134	2736	3078	14781	12679	14008	9413	16165	9947	1802	1911	1951	6265	7720	17332	13868	2318	7119	16339	2499	16524	14879	15251	15142	7834	16291	16187	16184	16313	2103	2652	3417	16659	16110	9399	1822	1299	2057	13136	14612	2869	16004	6315	10839	15960	3616	13317	14803	14417	12060	1765	13049	10751	14166	15469	16086	15329	16358	16108	15437	11834	7491	15943	2540	16348	7031	6793	1571	16363	15619	14614	16140	13527	17070	3739	2841	2373	13770	15085	14994	9424	4196	2414	2412	5910	14649	2753	9414	17796	10028	16326	15892	1949	2871	2462	7199	16551	2257	13415	2776	8997	15355	2597	15846	15783	2874	16861	5324	15192	5621	16340	16296	15434	2899	4222	11144	17201	1330	16975	1846	9526	13725	3278	14581	7152	2622	16614	3407	15904	8853	16831	16414	8104	17154	1727	1855	5827	15832	16458	15057	15881	4270	16263	16579	15919	16709	10339	3223	11718	4573	15143	3556	2854	6295	1666	16938	16176	2124	2614	15791	16748	6095	5193	15192	1145	2852	11587	15426	16142	16219	13081	14338	15616	16565	1656	15896	1665	1366	12264	1421	13683	1240	1654	10472	10062	16301	15645	1235	1191	16212	1591	13987	5179	12080	1006	2812	15235	8227	9321	17034	8912	8614	16503	15562	16260	11116	1009	11446	15809	15424	7333	7173	15747	1291	6051	12387	5875	15996	8308	11777	3880	11722	5912	14611	1521	6858	14982	13692	2554	14077	1375	7453	2508	8023
4/25/2016 2:25:00 AM	108.083333333333	1235	2345	9352	9944	10570	6495	8731	9987	5404	7595	11140	12725	11939	2767	4203	14099	3767	1636	9289	3627	16024	1689	5157	16042	3490	1007	1852	11515	13186	5738	3224	1711	11830	2552	12249	16823	1797	1910	16281	15331	11444	2324	4094	15082	4088	13863	2290	1752	16433	10223	8317	5695	15839	2180	16889	14167	2576	1183	15411	14555	1731	15346	16238	16311	2357	9523	1141	3433	15871	13129	4416	16146	13449	2881	6444	2700	3049	15258	13394	14806	9905	16772	10428	1826	1951	1983	6473	8075	17858	14381	2303	7340	16822	2546	16944	15606	15973	15892	8197	16775	16540	16530	16611	2102	2645	3517	17069	16534	9943	1739	1313	2140	13519	15397	2893	16425	6599	11332	16375	3637	13859	15234	15121	12640	1786	13729	11336	14887	15878	16295	15691	17055	16710	15973	12280	7911	16472	2538	17176	7363	7300	1529	16799	15879	15167	16496	14075	17518	3828	2890	2254	14308	15970	15654	9977	4327	2361	2356	6183	15211	2757	9846	18096	10656	16683	16518	1882	2847	2422	7536	16966	2208	13967	2829	9423	16043	2602	16358	16209	2884	17573	5419	15982	5908	16817	16593	15849	2930	4361	11611	17602	1268	17443	1802	10042	14629	3415	15056	7555	2637	17107	3578	16490	9234	17193	16888	8608	17582	1760	1863	6035	16266	16958	15494	16431	4408	16613	17195	16592	16921	10784	3269	12376	4568	15877	3645	2861	6384	1687	17408	16701	2159	2627	16206	17240	6294	5413	15746	1155	2908	11989	16031	16577	16729	13662	14746	16094	17066	1642	16456	1653	1238	12948	1407	14175	1214	1671	11028	10600	16676	16180	1220	1168	16727	1547	14534	5425	12566	1013	2929	15585	8709	9845	17587	9328	8953	16954	16079	17320	11508	969	11916	16384	16028	7837	7446	16535	1239	6302	12927	6013	16545	8687	12367	3961	12224	6113	15244	1461	7075	15690	14354	2502	14693	1390	7858	2455	8034
4/25/2016 6:25:00 AM	112.083333333333	1164	2317	9703	10228	10864	6485	8772	10032	5294	7796	11506	13341	12388	2695	4208	14744	3856	1581	9764	3705	16555	1755	5319	16595	3557	924	1889	11988	13706	5847	3258	1623	12348	2524	12841	17131	1809	1858	16856	16027	11922	2341	4210	15413	4218	14247	2301	1663	16842	10804	8690	5825	16275	2298	17451	14811	2602	1093	16222	15038	1705	15751	16775	16584	2396	10041	1050	3438	16439	13911	4491	16504	13960	2831	6716	2696	3073	15428	13936	15532	10516	17247	10736	1846	1913	1918	6738	8494	18344	14941	2327	7572	17145	2542	17340	16529	16671	16726	8551	17231	16885	16814	16921	2025	2720	3512	17362	16958	10567	1719	1263	2164	14145	16160	2871	16715	6784	11978	16616	3649	14423	15632	15945	13176	1771	14474	11838	15558	16356	16627	15927	17565	17026	16383	12988	8473	16748	2620	17628	7451	7736	1572	17022	16100	15784	16791	14622	17751	4021	3004	2311	14829	16743	16392	10216	4385	2386	2400	6478	16011	2829	10110	18314	11063	17144	17273	1849	2859	2514	7840	17310	2232	14358	2963	9922	16475	2548	16913	16631	2892	18077	5660	16552	6113	17127	16910	16198	2926	4442	12247	17989	1281	17875	1776	10462	15234	3343	15771	8036	2634	17348	3665	16727	9666	17524	17256	9360	18130	1702	1822	6086	16712	17207	16083	17014	4540	17013	17558	17137	17316	11328	3287	13239	4628	16424	3568	2903	6825	1696	17730	17543	2164	2615	16563	17595	6565	5532	16476	1131	2980	12585	16521	16860	16882	14081	15071	16561	17470	1662	17022	1614	1293	13483	1416	14559	1191	1714	11644	11180	17027	16711	1204	1098	17312	1519	15230	5635	13071	929	2930	16167	9060	10280	17894	9649	9402	17395	16733	17567	11994	952	12510	16969	16598	8222	7691	17339	1198	6421	13417	6211	17252	9033	12863	3955	12841	6434	15798	1439	7283	16374	15207	2572	15389	1350	8213	2454	7993
4/25/2016 10:25:00 AM	116.083333333333	1056	2290	10090	10348	11111	6408	8640	10099	5230	7746	11871	13638	12808	2559	4180	15459	3934	1585	10197	3610	16825	1642	5314	16955	3515	858	1833	12330	14267	6089	3298	1596	12897	2547	13242	17488	1742	1803	17153	16376	12500	2251	4275	15742	4223	14498	2326	1627	17121	11296	8998	5909	16491	2335	17806	15344	2613	1031	16577	15465	1708	16019	16953	16810	2443	10420	1029	3363	16821	14472	4549	16896	14231	2806	6886	2647	3050	15673	14274	16019	11048	17556	11217	1801	1862	1924	6865	8844	18529	15266	2344	7692	17235	2567	17507	17151	17376	17263	8831	17424	16927	16860	16941	1991	2735	3450	17314	17068	11009	1669	1236	2153	14750	16768	2816	16937	6998	12580	16873	3657	14895	15851	16446	13790	1731	15084	12456	16235	16594	16658	16110	17807	17188	16770	13465	8919	17129	2620	18054	7591	8034	1463	17248	16070	16291	16988	15263	17886	4170	3013	2292	15132	17595	16903	10719	4428	2293	2321	6671	16430	2819	10378	18465	11470	17275	17536	1788	2854	2504	8050	17486	2196	14680	2983	10361	16913	2522	17363	16865	2796	18563	5618	17041	6326	17314	17119	16409	2916	4598	12714	18101	1266	18092	1783	10785	16058	3508	16274	8342	2723	17416	3747	16848	10180	17678	17466	9792	18365	1670	1788	6221	16871	17430	16529	17473	4656	17234	17984	17413	17634	11837	3261	14011	4564	16917	3614	2932	7133	1702	17771	18049	2053	2574	16645	17948	6613	5667	17019	1050	2920	13024	16896	17043	16948	14504	15155	16975	17642	1640	17351	1538	1185	14061	1370	14795	1170	1694	12077	11696	17187	17264	1096	1035	17760	1463	15829	5729	13630	862	2971	16432	9531	10742	18001	10104	9812	17583	17251	18262	12498	924	12964	17164	17023	8568	7907	18028	1172	6570	13973	6297	17623	9366	13206	3993	13358	6612	16456	1378	7559	17135	15735	2654	15921	1260	8453	2455	7828
4/25/2016 2:25:00 PM	120.083333333333	1027	2261	10420	10817	11527	6206	8591	10096	5267	7971	12330	14233	13125	2483	4155	16163	4020	1568	10880	3673	17349	1716	5443	17549	3614	903	1860	12830	14714	6277	3327	1573	13606	2687	13833	17844	1807	1816	17674	17180	13100	2283	4318	16039	4381	15059	2320	1684	17377	11909	9506	6167	16910	2303	18416	15854	2636	999	17112	16069	1690	16395	17110	17065	2485	11205	1049	3412	17303	15179	4705	17284	14782	2808	7108	2681	3067	15922	15198	16783	11776	17960	11878	1767	1880	1927	7135	9397	18888	16010	2387	7943	17558	2727	17993	17781	18035	17698	9242	17925	17294	17172	17188	2009	2825	3544	17575	17394	11833	1606	1227	2217	15402	17571	2904	17217	7298	13225	17086	3729	15514	16062	17114	14459	1820	15730	13201	16969	17255	16949	16359	18078	17447	17235	14265	9522	17512	2719	18556	7904	8429	1403	17502	16342	16841	17277	15771	18175	4383	3174	2317	15594	18328	17439	11293	4589	2300	2457	6987	17107	2879	10812	18715	12067	17606	18138	1750	2832	2598	8388	17979	2203	14992	3041	10957	17653	2495	17865	17303	2823	19208	5776	17610	6558	17763	17417	16812	2920	4788	13269	18485	1239	18395	1902	11355	16937	3395	16942	8859	2759	17698	3871	17112	10617	17844	17826	10735	19048	1684	1846	6449	17240	17840	17058	18001	4741	17471	18251	18033	18185	12466	3305	14808	4652	17462	3623	2985	7393	1708	18027	18475	2114	2633	17049	18295	6915	5875	17704	1065	2979	13713	17286	17248	17146	14970	15371	17425	18004	1650	17831	1521	1197	14840	1382	15193	1095	1769	12695	12380	17395	17605	1099	1016	18164	1449	16474	6109	14300	826	3097	16735	10023	11158	18354	10558	10280	18057	17853	18900	13062	941	13781	17724	17500	9163	8300	18918	1103	6803	14719	6400	18195	9830	13777	4001	14033	6998	17043	1317	7779	17787	16376	2760	16558	1185	8831	2407	7650
