Label: MN20160421_X01
Metric: total (H2B-mCh) Count (1/Well)
Cell Type: 
Passage: 1
Notes: MCF10A + 8 LINCS drugs
plating and treatment delays
Analysis Job: MN20160421_X01

Date Time	Elapsed	B2	C2	D2	E2	F2	G2	H2	I2	J2	K2	L2	M2	N2	O2	B3	C3	D3	E3	F3	G3	H3	I3	J3	K3	L3	M3	N3	O3	B4	C4	D4	E4	F4	G4	H4	I4	J4	K4	L4	M4	N4	O4	B5	C5	D5	E5	F5	G5	H5	I5	J5	K5	L5	M5	N5	O5	B6	C6	D6	E6	F6	G6	H6	I6	J6	K6	L6	M6	N6	O6	B7	C7	D7	E7	F7	G7	H7	I7	J7	K7	L7	M7	N7	O7	B8	C8	D8	E8	F8	G8	H8	I8	J8	K8	L8	M8	N8	O8	B9	C9	D9	E9	F9	G9	H9	I9	J9	K9	L9	M9	N9	O9	B10	C10	D10	E10	F10	G10	H10	I10	J10	K10	L10	M10	N10	O10	B11	C11	D11	E11	F11	G11	H11	I11	J11	K11	L11	M11	N11	O11	B12	C12	D12	E12	F12	G12	H12	I12	J12	K12	L12	M12	N12	O12	B13	C13	D13	E13	F13	G13	H13	I13	J13	K13	L13	M13	N13	O13	B14	C14	D14	E14	F14	G14	H14	I14	J14	K14	L14	M14	N14	O14	B15	C15	D15	E15	F15	G15	H15	I15	J15	K15	L15	M15	N15	O15	B16	C16	D16	E16	F16	G16	H16	I16	J16	K16	L16	M16	N16	O16	B17	C17	D17	E17	F17	G17	H17	I17	J17	K17	L17	M17	N17	O17	B18	C18	D18	E18	F18	G18	H18	I18	J18	K18	L18	M18	N18	O18	B19	C19	D19	E19	F19	G19	H19	I19	J19	K19	L19	M19	N19	O19	B20	C20	D20	E20	F20	G20	H20	I20	J20	K20	L20	M20	N20	O20	B21	C21	D21	E21	F21	G21	H21	I21	J21	K21	L21	M21	N21	O21	B22	C22	D22	E22	F22	G22	H22	I22	J22	K22	L22	M22	N22	O22	B23	C23	D23	E23	F23	G23	H23	I23	J23	K23	L23	M23	N23	O23
4/20/2016 1:00:00 PM	0	614	676	696	620	664	608	726	717	694	655	748	683	693	726	721	743	828	800	800	777	841	874	900	776	768	757	745	841	802	782	808	833	757	825	842	908	876	794	722	816	793	787	751	709	828	756	859	794	884	956	914	800	799	818	760	732	852	812	843	855	858	792	885	967	860	845	917	878	786	749	732	788	829	837	860	834	869	895	951	830	900	823	727	751	817	841	935	924	818	887	897	902	930	841	751	823	761	677	796	825	931	916	783	807	776	883	918	714	846	919	763	748	848	854	891	856	840	885	824	918	920	818	816	881	868	749	870	924	1069	924	871	865	851	870	895	864	872	862	907	864	757	820	908	893	818	834	823	855	868	919	854	971	982	851	855	857	888	922	835	805	900	962	838	818	906	969	979	883	781	826	902	899	794	811	859	874	896	826	930	828	950	963	895	847	898	921	895	844	799	894	1017	839	881	874	861	708	872	879	880	855	815	875	873	918	896	933	894	874	838	701	834	911	905	908	850	873	879	865	884	793	840	832	840	721	821	801	967	940	919	879	854	935	985	873	868	812	756	751	813	876	813	854	863	889	870	939	887	863	870	836	897	825	832	782	852	933	927	884	887	862	877	862	823	824	835	760	816	745	824	893	846	826	807	843	884	770	859	811	874	804	779	817	876	814	777	841	917	823	900	836	846	762	804	768	685	679	736	703	732	736	808	777	809	713	786	706	719	758
4/20/2016 5:00:00 PM	4	649	621	701	597	594	610	663	709	663	678	705	657	613	728	637	698	690	723	709	683	761	816	841	717	698	693	731	773	745	712	728	778	718	737	750	852	774	782	689	791	738	756	697	666	702	762	774	762	848	898	806	777	766	791	725	701	780	721	766	781	812	755	833	881	828	814	842	831	755	711	701	685	793	775	781	754	819	872	880	807	825	796	685	661	771	782	876	868	783	786	859	860	889	844	736	773	732	690	777	767	885	856	724	730	726	840	847	710	820	857	756	706	798	757	854	804	801	822	814	848	908	832	820	849	854	718	837	871	921	926	788	841	793	828	849	857	832	815	902	869	750	775	877	875	826	785	782	813	843	925	829	957	971	889	834	852	836	890	820	759	863	947	792	813	883	931	930	901	739	757	847	827	754	798	800	882	884	788	871	815	934	826	862	831	853	893	849	786	771	856	1014	819	833	870	779	747	806	824	834	850	796	822	838	889	873	911	888	854	790	661	806	801	871	883	814	850	857	852	863	772	816	798	835	693	799	765	923	881	888	814	824	884	935	815	801	776	721	714	785	777	812	787	777	853	819	929	842	822	859	815	837	793	760	708	811	853	837	836	850	820	813	835	801	822	792	750	733	705	793	807	826	760	736	755	852	697	817	786	854	724	728	770	772	730	698	761	825	757	829	768	827	761	752	755	729	662	684	652	679	664	874	685	758	672	735	733	731	712
4/20/2016 9:00:00 PM	8	698	701	730	640	654	675	705	760	720	720	731	736	660	782	651	752	781	748	782	760	788	860	889	754	716	733	773	801	794	711	807	775	763	792	764	912	828	809	707	817	786	808	745	724	759	780	825	803	838	935	872	814	820	819	759	722	808	773	810	828	810	798	870	950	872	843	877	871	769	749	744	726	835	817	834	829	836	908	931	863	893	803	755	756	831	817	907	892	819	857	887	902	933	861	745	806	765	742	805	802	943	887	791	769	763	864	896	739	831	883	785	772	841	805	900	848	856	847	857	894	974	859	825	864	897	759	871	924	1008	930	871	883	864	876	897	890	862	819	931	900	776	785	912	894	844	805	789	836	906	979	845	989	982	896	920	873	861	927	835	782	891	952	810	854	901	949	930	902	786	763	905	885	778	840	831	867	889	840	868	838	950	851	865	838	877	931	895	837	798	911	1061	853	872	907	826	729	876	877	851	861	817	859	889	857	933	925	887	851	838	698	829	824	876	889	848	860	873	863	879	828	848	827	830	724	844	783	943	929	927	867	889	910	1002	842	863	799	764	766	817	846	829	813	782	899	796	929	881	872	869	840	875	813	812	765	831	886	863	856	877	828	863	847	833	825	846	776	776	751	801	858	817	793	759	830	906	764	865	834	888	781	804	839	808	751	768	841	933	799	906	795	854	782	794	796	775	713	755	719	741	716	887	811	807	686	800	775	733	770
4/21/2016 1:00:00 AM	12	761	741	792	692	726	700	739	814	778	783	817	778	743	819	719	785	808	832	817	787	903	904	977	822	773	801	805	859	864	760	819	877	783	814	805	963	867	828	781	861	838	835	831	768	793	793	880	871	893	973	910	846	859	878	810	757	854	808	847	858	840	815	937	973	915	920	908	877	815	779	813	789	877	869	825	840	866	941	950	893	913	852	783	740	831	881	915	945	822	889	914	917	966	873	775	853	783	755	897	846	975	923	807	794	804	896	938	797	875	907	809	789	889	878	937	859	881	884	856	959	1018	881	884	921	912	765	944	926	1054	983	912	879	907	942	910	929	898	902	931	917	823	816	937	898	858	881	831	890	950	996	855	1020	992	951	948	823	877	952	855	835	904	992	894	868	945	978	952	911	808	800	916	904	799	830	892	902	935	862	943	865	1000	876	928	863	928	975	927	881	815	938	1104	910	895	945	852	770	925	923	886	926	863	958	902	909	951	975	947	881	853	730	885	911	939	938	891	835	931	868	906	858	922	861	871	759	886	847	985	968	928	947	876	966	1004	878	871	814	831	814	890	866	867	852	841	891	902	974	914	925	897	906	896	855	840	819	878	927	907	906	897	876	910	864	874	864	852	806	848	799	892	908	885	838	903	865	945	819	894	884	932	817	846	847	885	815	823	862	991	812	925	834	887	811	823	825	827	753	779	753	748	749	1223	827	881	771	868	822	788	771
4/21/2016 5:00:00 AM	16	783	797	863	775	768	789	797	861	861	847	860	850	764	876	771	856	851	924	859	849	880	980	995	849	826	826	864	904	920	833	915	891	815	885	909	988	913	879	836	907	887	870	870	832	864	852	909	862	968	1005	947	851	894	911	856	808	968	886	898	885	861	901	960	1030	906	906	925	933	849	851	857	848	902	911	905	892	908	966	1001	917	942	888	829	829	916	891	957	987	854	958	961	964	1003	939	834	871	848	817	935	916	1020	977	832	833	838	929	1009	854	908	923	863	856	943	908	961	900	904	911	915	991	997	968	918	939	949	837	976	961	1047	979	957	945	933	975	953	968	958	908	982	982	848	876	983	928	895	910	863	918	980	984	903	1046	1035	954	999	972	945	1021	931	864	935	1058	915	899	965	1020	1018	942	870	841	941	941	874	915	924	923	1008	906	964	918	1010	877	1006	924	980	1001	1020	944	885	957	1100	944	951	974	926	809	963	939	946	941	888	979	947	986	1027	1009	959	944	883	779	980	946	977	984	930	915	978	928	966	866	946	910	922	792	972	882	1031	988	981	978	918	985	1066	902	900	876	854	851	899	920	914	887	905	955	954	1028	972	954	927	907	936	900	918	863	927	966	937	959	932	920	939	914	939	888	898	870	938	852	909	948	896	886	963	915	1002	866	913	912	969	859	917	924	912	866	863	874	1035	876	979	873	950	866	881	854	923	813	841	837	772	832	1232	918	942	827	922	877	837	814
4/21/2016 9:00:00 AM	20	882	887	980	859	892	849	869	978	948	926	949	951	866	926	845	957	956	1022	967	978	1272	1078	1118	947	911	921	988	990	1033	935	998	1037	904	999	984	1115	1047	988	938	1009	991	984	1006	948	946	972	1004	968	1070	1153	1054	972	982	1022	1000	915	1088	979	1023	1008	963	966	1118	1125	1048	1060	1069	1056	953	907	966	941	1062	1014	1010	1006	1045	1066	1101	1030	1072	981	935	895	1020	963	1036	1107	958	1052	1065	1079	1101	1063	933	1020	930	923	1029	993	1078	1095	936	900	912	1038	1125	958	1018	1066	913	945	1026	980	1066	974	1025	1064	1039	1139	1151	1013	1013	1069	1031	903	1140	1045	1161	1102	1089	1072	1041	1072	1031	1078	1076	1071	1077	1064	973	972	1107	1091	973	1029	974	1022	1110	1080	996	1144	1139	1063	1117	1004	1037	1125	1061	971	1050	1186	1014	1003	1054	1136	1122	1055	973	988	1065	1047	977	996	1054	1032	1146	997	1056	1021	1123	1010	1108	1033	1051	1100	1107	991	994	1095	1267	1029	1067	1055	1023	904	1060	1054	1065	1058	989	1136	1062	1074	1067	1115	1055	1085	1018	874	1097	1073	1149	1113	1086	999	1107	1045	1091	940	1017	1391	1050	900	1060	997	1152	1086	1048	1076	1022	1111	1135	1008	1052	969	974	1019	1054	1049	1042	980	988	1074	1047	1138	1076	1074	1070	1016	1073	1029	1021	1007	1049	1086	1001	1075	1050	1015	1044	997	1102	1016	987	948	1047	971	1035	1058	1014	973	1064	1013	1106	997	1037	1044	1099	979	1037	1039	1044	960	948	1013	1135	1010	1069	972	1068	953	975	955	1025	920	906	924	874	880	1268	1047	1031	927	1040	993	937	903
4/21/2016 1:05:00 PM	24.0833333333333	1143	1196	1241	1115	1124	1078	1166	1264	1216	1175	1199	1204	1108	1203	1168	1251	1237	1295	1253	1289	2399	1402	1432	1249	1169	1262	1212	1238	1362	1298	1339	1303	1187	1309	1308	1429	1357	1328	1259	1309	1271	1240	1267	1228	1264	1285	1259	1260	1399	1518	1395	1246	1292	1321	1267	1204	1427	1273	1352	1330	1200	1253	1366	1493	1388	1346	1388	1345	1246	1175	1136	1243	1345	1283	1346	1288	1307	1357	1406	1314	1358	1334	1207	1135	1300	1262	1335	1387	1201	1336	1322	1428	1470	1364	1191	1296	1196	1198	1320	1279	1438	1401	1179	1241	1136	1385	1482	1272	1314	1368	1218	1268	1333	1256	1369	1248	1245	1365	1346	1451	1466	1318	1301	1391	1380	1151	1410	1360	1498	1460	1354	1385	1309	1420	1347	1375	1345	1352	1418	1420	1243	1241	1407	1372	1271	1337	1252	1350	1446	1458	1259	1446	1490	1328	1423	1354	1344	1418	1262	1314	1389	1468	1337	1276	1433	1509	1437	1296	1247	1198	1348	1273	1221	1436	1333	1340	1443	1298	1357	1306	1448	1257	1446	1225	1321	1403	1405	1291	1349	1432	1601	1331	1363	1369	1313	1138	1346	1399	1300	1415	1260	1398	1335	1375	1421	1464	1350	1351	1355	1110	1345	1347	1390	1363	1390	1277	1463	1336	1415	1171	1307	1310	1354	1195	1355	1264	1488	1327	1364	1334	1287	1418	1510	1294	1342	1275	1229	1204	1315	1382	1292	1253	1244	1326	1356	1484	1349	1345	1388	1297	1390	1335	1278	1301	1341	1402	1280	1324	1369	1309	1347	1288	1343	1328	1319	1237	1274	1269	1312	1436	1303	1263	1188	1265	1421	1237	1326	1308	1349	1212	1352	1317	1323	1205	1233	1304	1392	1289	1425	1298	1382	1234	1228	1211	1261	1162	1093	1152	1132	1116	1490	1294	1242	1159	1297	1247	1186	1130
4/21/2016 5:05:00 PM	28.0833333333333	1124	1434	1546	1322	1336	1332	1374	1485	1443	1501	1489	1496	1336	1459	1391	1507	1506	1472	1526	1417	1642	1660	1631	1464	1344	1259	1332	1508	1617	1553	1533	1317	1390	1521	1531	1714	1407	1612	1533	1556	1532	1554	1381	1490	1515	1490	1364	1381	1670	1835	1691	1460	1529	1377	1525	1412	1801	1285	1677	1529	1282	1527	1660	1746	1442	1564	1352	1530	1469	1457	1313	1493	1573	1574	1611	1566	1592	1609	1675	1598	1591	1547	1396	1166	1410	1378	1668	1683	1472	1559	1383	1681	1735	1623	1440	1518	1437	1463	1591	1525	1667	1641	1379	1460	1416	1655	1805	1495	1552	1446	1249	1319	1624	1539	1651	1512	1539	1668	1560	1739	1712	1536	1576	1630	1452	1378	1737	1634	1760	1705	1591	1643	1542	1669	1597	1505	1621	1698	1673	1652	1583	1259	1655	1689	1554	1623	1483	1640	1764	1787	1539	1765	1784	1624	1694	1620	1584	1489	1491	1562	1570	1701	1568	1491	1695	1767	1720	1595	1297	1462	1565	1615	1463	1619	1556	1558	1769	1494	1660	1572	1692	1505	1747	1365	1594	1680	1661	1566	1613	1666	1934	1308	1648	1460	1492	1436	1524	1625	1467	1640	1487	1733	1639	1758	1672	1717	1520	1623	1585	1217	1657	1607	1673	1655	1663	1557	1716	1620	1671	1452	1544	1611	1688	1329	1667	1547	1786	1480	1408	1605	1587	1679	1815	1536	1596	1531	1461	1514	1285	1669	1554	1548	1509	1636	1600	1752	1607	1629	1644	1576	1677	1648	1596	1589	1565	1368	1330	1578	1570	1612	1635	1276	1362	1559	1307	1506	1430	1518	1296	1673	1573	1504	1405	1546	1700	1494	1551	1567	1667	1523	1322	1610	1635	1473	1551	1491	1687	1284	1690	1490	1631	1537	1560	1506	1341	1372	1288	1455	1119	1337	1673	1513	1493	1409	1309	1566	1544	1387
4/21/2016 9:05:00 PM	32.0833333333333	1150	1710	1891	1580	1607	1634	1625	1797	1682	1792	1806	1764	1633	1654	1587	1833	1807	1531	1871	1555	1872	1820	1955	1805	1454	1313	1558	1811	1898	1912	1638	1442	1663	1678	1786	2120	1418	1841	1829	1897	1829	1889	1685	1765	1702	1789	1552	1459	2059	2322	2096	1702	1865	1406	1821	1706	2055	1324	1905	1882	1276	1824	1995	2140	1449	1908	1398	1654	1758	1807	1616	1792	1952	1916	1981	1971	1940	1903	1955	1942	1925	1865	1613	1369	1503	1437	1984	1991	1749	1925	1576	1959	2063	1770	1713	1777	1808	1737	1775	1885	2013	2050	1661	1637	1520	2043	2181	1882	1909	1597	1270	1332	1888	1886	1953	1812	1801	1977	1901	2138	1968	1906	1801	1943	1439	1675	2184	1942	2068	1997	1911	1962	1891	2061	1930	1836	2033	2010	2053	1825	1908	1298	2029	2089	1974	1988	1804	2006	2064	2116	1704	2046	2281	1946	2008	1854	1750	1496	1826	1991	1664	1920	1944	1730	2042	2151	1889	1973	1348	1615	1922	1836	1738	1902	1716	1886	2018	1876	1929	1942	2104	1805	2131	1627	1895	2045	2019	1920	1875	2061	2348	1373	2020	1436	1750	1749	1657	1949	1719	1786	1820	2051	1979	2151	2022	2118	1923	1947	1723	1392	1968	1910	2060	1998	1967	1788	2163	1989	2058	1783	1771	2013	2065	1620	1947	1896	2002	1758	1413	1989	1914	1795	2057	1889	1952	1775	1693	1803	1323	1875	1873	1824	1872	2017	1963	2088	1953	1942	1744	1938	1809	1798	1854	1754	1902	1372	1396	1840	1912	1973	1997	1315	1372	1876	1438	1763	1741	1785	1325	1879	1863	1626	1747	1907	1933	1643	1879	1933	2071	1792	1349	2003	1976	1839	1853	1774	1992	1298	2088	1823	1909	1843	1935	1798	1650	1697	1534	1748	1170	1503	1933	1759	1663	1698	1367	1840	1868	1642
4/22/2016 1:05:00 AM	36.0833333333333	1240	2090	2379	1968	2085	2025	2147	2299	1967	2232	2275	2223	2175	1881	1776	2449	1976	1637	2446	1655	2456	1830	2213	2340	1543	1360	1809	2289	2175	2423	1703	1756	2154	1802	2271	2717	1432	2126	2403	2414	2347	2283	2041	2240	1930	2311	1763	1631	2729	3116	2549	1967	2371	1449	2402	2154	2385	1414	2390	2489	1432	2379	2636	2724	1432	2345	1493	1778	2214	2295	1926	2203	2532	2368	2454	2463	2400	2253	2568	2546	2360	2416	2057	1545	1584	1496	2499	2368	2237	2488	1773	2295	2710	1836	2251	2285	2412	2239	2139	2439	2585	2604	2139	1819	1629	2599	2859	2401	2382	1938	1367	1350	2445	2388	2402	2297	2341	2594	2485	2665	2574	2379	2282	2571	1460	2130	2732	2537	2652	2616	2381	2542	2480	2730	2695	2305	2632	2345	2668	2217	2256	1392	2604	2696	2634	2610	2357	2604	2487	2524	1986	2408	2958	2556	2444	2069	1950	1506	2150	2536	1819	2315	2586	2160	2660	2894	2081	2454	1317	1977	2541	2040	2261	2114	2083	2473	2290	2457	2559	2443	2770	2054	2758	1970	2435	2574	2585	2387	2146	2807	3005	1443	2616	1426	2270	2335	1745	2480	2086	2058	2311	2354	2538	2558	2633	2743	2304	2367	1762	1605	2252	2362	2601	2569	2494	2022	2801	2592	2689	2353	2256	2517	2660	2291	2353	2350	2256	2143	1386	2603	2500	1820	2427	2427	2560	2030	1915	2347	1399	2100	2446	2426	2419	2569	2493	2425	2575	2466	1807	2470	2045	1979	2398	1753	2158	1483	1360	2288	2385	2565	2627	1348	1471	2447	1737	2350	2068	2343	1437	2124	2236	2035	2280	2518	2322	2014	2546	2525	2704	2246	1450	2502	2539	2304	2227	2384	2544	1419	2617	2315	2149	2409	2480	2401	1929	2268	1830	2255	1287	1689	1953	2145	1724	2078	1556	2388	2240	2064
4/22/2016 5:05:00 AM	40.0833333333333	1317	2347	2733	2371	2474	2367	2559	2711	2360	2575	2702	2711	2644	1960	1859	2893	2105	1733	2823	1741	2947	1812	2244	2742	1666	1485	1887	2784	2312	2734	1833	2176	2484	1934	2747	3191	1439	2346	2912	2882	2700	2593	2169	2550	1974	2685	1858	1721	3179	3563	2825	2014	2808	1428	2805	2546	2584	1534	2974	2900	1495	2813	3074	3192	1426	2549	1584	1864	2508	2691	2039	2448	2965	2647	2809	2736	2689	2410	2991	3065	2627	2804	2537	1632	1667	1563	2877	2634	2722	2884	1880	2296	3118	1948	2677	2766	2778	2678	2496	2845	3035	3033	2541	2044	1730	2977	3326	2826	2615	2549	1509	1335	2893	2816	2724	2718	2664	3031	2915	2944	2981	2713	2809	3068	1444	2429	3151	3029	3085	3080	2614	2934	2889	3180	3162	2457	3019	2612	3050	2569	2504	1507	3006	3110	3054	3028	2770	3032	2736	2769	2161	2505	3442	3005	2748	2105	2117	1529	2252	2977	1976	2715	3057	2718	3111	3472	2310	2781	1371	2323	3049	2241	2597	2173	2508	2927	2524	2846	2922	2718	3198	2062	3179	2075	2884	3052	3078	2670	2204	3194	3499	1634	3045	1426	2785	2742	1878	2926	2197	2117	2734	2540	3013	2829	3046	3144	2457	2571	1774	1673	2254	2695	3056	3051	2949	2019	3221	3070	3137	2695	2740	2760	3060	2739	2614	2637	2354	2247	1400	3031	3001	1814	2674	2748	2988	2047	1957	2787	1495	2218	2891	2931	2804	3065	2888	2530	2954	2839	1774	2879	2285	2107	2829	1730	2234	1690	1363	2856	2580	2974	3028	1484	1628	2868	2102	2795	2224	2734	1576	2177	2468	2461	2780	2960	2729	2483	2879	2938	3206	2693	1572	2944	2990	2800	2427	2936	3090	1513	2986	2697	2223	2878	2868	2882	2021	2720	1973	2691	1439	1828	2438	2514	1791	2546	1751	2814	2545	2455
4/22/2016 9:05:00 AM	44.0833333333333	1398	2508	2986	2695	2925	2576	2949	3204	2733	2791	3186	3215	3076	2009	1909	3294	2120	1779	3148	1963	3474	1789	2281	3345	1858	1621	1913	3350	2471	2958	2030	2534	2949	1959	3124	3967	1435	2479	3556	3392	3180	2739	2261	2837	1967	3119	1886	1754	3868	4026	2998	2099	3508	1469	3400	3043	2697	1697	3313	3521	1518	3344	3730	3982	1484	2815	1697	2065	2753	3047	2111	2726	3527	2832	2958	2889	2855	2558	3526	3681	2885	3409	2859	1659	1692	1578	3054	2771	3146	3418	1896	2357	3811	1976	3275	3152	3503	3132	2771	3496	3661	3658	3108	2114	1778	3138	4076	3479	2950	2887	1647	1393	3332	3162	2902	3197	2828	3413	3580	3199	3459	3118	3201	3479	1453	2744	3435	3540	3666	3769	2839	3531	3593	3941	3523	2568	3746	2667	3877	2883	2619	1627	3685	3925	3767	3732	3259	3683	2833	2857	2317	2680	4172	3486	2951	2148	2228	1537	2352	3678	2005	3012	3756	3083	3830	4088	2494	2938	1386	2600	3562	2346	3039	2241	2751	3450	2639	3646	3540	2919	4019	2130	3869	2197	3465	3723	3728	2791	2210	3659	4336	1855	3810	1442	3149	3145	2040	3418	2250	2116	3395	2665	3616	2942	3746	3932	2645	2862	1734	1694	2296	3106	3769	3691	3440	2038	3935	3795	3879	3346	3124	3051	3317	2864	2864	2814	2330	2356	1398	3628	3384	1779	2807	3413	3679	2114	2040	3363	1646	2275	3339	3522	3372	3706	3459	2740	3591	3255	1740	3581	2428	2196	3349	1669	2324	1853	1377	3310	2852	3642	3679	1607	1684	3546	2372	3392	2324	3152	1688	2225	2699	2656	3087	3634	3135	2655	3533	3271	4013	3111	1722	3458	3617	3413	2542	3176	3533	1632	3186	3123	2267	3446	3123	3411	2086	3096	2071	3108	1653	2095	2753	2799	1817	2906	1928	3062	2665	2885
4/22/2016 1:05:00 PM	48.0833333333333	1393	2594	3220	3211	3692	2758	3628	4008	2974	2983	3886	3964	3857	2096	1934	3997	2133	1783	3582	2202	4517	1789	2391	4289	2078	1607	1920	4144	2653	3079	2178	2514	3670	2020	3799	5010	1459	2488	4602	4349	3905	2837	2407	3481	2004	3798	1892	1759	5030	4581	3134	2211	4481	1517	4402	3784	2685	1710	3851	4578	1550	4266	4800	5004	1502	3223	1733	2295	3233	3660	2233	3218	4560	2940	3156	3016	2980	2940	4228	4428	3271	4323	3263	1672	1724	1603	3233	2887	3893	4297	1916	2458	4802	2096	4212	3853	4483	3934	2893	4436	4641	4648	3995	2204	1807	3274	5192	4451	3384	2885	1680	1405	4127	3768	2984	4014	3001	3800	4591	3277	4240	3950	3807	4290	1505	3308	3738	4302	4676	4807	3220	4538	4618	4939	4250	2872	4823	2679	5020	3161	2682	1601	4709	4993	4805	4850	4166	4742	2880	2941	2319	2972	5211	4291	3532	2153	2308	1602	2533	4620	2127	3399	4814	3486	4877	5196	2560	3083	1415	2919	4533	2401	3733	2224	2817	4364	2659	4675	4583	2978	5141	2247	4914	2307	4350	4590	4723	2913	2257	4348	5441	1871	4916	1461	3620	3851	2278	4398	2355	2119	4300	2744	4566	3092	4781	4997	2876	3390	1710	1734	2420	3916	4763	4682	4101	2066	5004	4829	4828	4419	3530	3103	3520	3118	3349	2873	2347	2465	1390	4657	4163	1739	2869	4390	4690	2238	2107	4338	1701	2221	4038	4500	4406	4733	4314	3012	4652	3935	1739	4575	2490	2247	4011	1682	2490	1943	1408	3778	3327	4658	4628	1624	1712	4533	2449	4365	2499	3822	1739	2160	3106	2747	3506	4625	3483	2744	4555	3985	5104	3685	1767	4129	4732	4328	2637	3418	4158	1588	3398	3829	2356	4418	3603	4389	2183	3738	2293	3818	1695	2191	3087	3103	1858	3397	2037	3286	2735	3483
4/22/2016 5:05:00 PM	52.0833333333333	1379	2594	3476	3873	4436	3054	4479	4721	3263	3179	4765	4745	4631	2220	1981	4735	2166	1818	3998	2357	5422	1812	2496	5080	2259	1566	1966	4862	3017	3182	2352	2447	4194	2044	4437	5988	1494	2487	5512	5298	4516	2858	2555	4254	2014	4364	1909	1779	5924	5163	3312	2388	5266	1537	5223	4532	2715	1634	4598	5305	1579	5010	5538	5933	1587	3641	1687	2472	3934	4332	2358	3922	5418	2979	3249	3066	3050	3605	5120	5246	3679	5031	3786	1690	1725	1635	3366	2966	4708	5170	1932	2654	5686	2174	5028	4609	5247	4681	3063	5272	5515	5465	4747	2177	1830	3315	6085	5360	3843	2804	1598	1463	4928	4500	3059	4903	3117	4239	5415	3378	5108	4739	4694	5138	1499	4092	4015	5126	5526	5691	3922	5296	5482	5859	4813	3149	5649	2735	5848	3493	2776	1572	5628	5880	5596	5785	5037	5636	2884	2935	2307	3590	5968	5111	4235	2149	2279	1659	2719	5458	2146	3849	5682	3961	5807	6163	2586	3136	1494	3273	5341	2380	4425	2266	3050	5315	2704	5481	5314	3076	6029	2469	5842	2435	5196	5554	5730	2986	2304	4904	6437	1816	5848	1466	4162	4528	2455	5263	2523	2155	5102	2704	5427	3157	5560	5886	3160	4111	1706	1750	2613	4749	5627	5477	4943	2124	5831	5717	5675	5173	4113	3206	3962	3368	4027	2909	2312	2616	1380	5543	5010	1724	2840	5112	5529	2374	2197	5149	1624	2245	4869	5400	5299	5701	4961	3556	5528	4795	1732	5463	2436	2270	4715	1666	2811	1904	1413	4304	3785	5583	5493	1553	1688	5376	2278	5159	2630	4605	1649	2187	3675	3019	4055	5484	3948	3000	5374	4921	5988	4331	1744	4892	5703	5192	2793	3730	4899	1533	3489	4424	2542	5192	3997	5222	2285	4348	2444	4616	1688	2303	3376	3507	1917	4124	1955	3582	2799	4124
4/22/2016 9:05:00 PM	56.0833333333333	1298	2607	3836	4566	5200	3244	5081	5420	3608	3415	5568	5649	5259	2331	2084	5590	2184	1811	4386	2493	6416	1802	2913	6160	2384	1469	1965	5817	3570	3265	2506	2375	4909	2091	5060	7242	1470	2432	6575	6264	5240	2926	2727	4906	2081	5151	1898	1793	7275	5703	3460	2663	6478	1575	6274	5387	2673	1586	5272	6305	1582	6036	6637	7280	1606	4101	1675	2571	4686	5040	2466	4625	6540	3045	3373	3137	3046	4140	5880	6173	4119	6124	4493	1693	1705	1633	3486	3086	5481	6083	1973	2945	6789	2252	6230	5281	6491	5417	3430	6403	6667	6681	5852	2180	1837	3334	7480	6669	4373	2619	1504	1481	5705	5248	3076	5894	3226	4678	6609	3404	5901	5574	5337	5889	1468	4762	4512	5904	6488	6895	4649	6245	6632	7038	5214	3467	6942	2722	7172	3852	2837	1498	6915	7248	6593	7102	6006	6919	2942	2950	2280	4208	6900	5773	4945	2222	2287	1754	2941	6522	2096	4258	6932	4566	7116	7102	2553	3141	1580	3598	6295	2376	5089	2261	3321	6298	2677	6754	6429	3108	7106	2744	6914	2608	6350	6804	6809	2970	2336	5448	7912	1812	7121	1482	4765	5256	2674	6214	2775	2142	6253	2741	6554	3322	6796	7229	3515	4830	1709	1768	2873	5643	6860	6536	5619	2204	7146	7017	6837	6216	4702	3232	4497	3647	4766	2922	2352	2795	1407	6412	5861	1726	2850	6321	6906	2628	2440	6281	1617	2295	5734	6489	6215	6838	5856	4124	6602	5632	1697	6722	2447	2274	5482	1651	3349	1830	1409	4814	4229	6847	6642	1540	1614	6555	2212	6186	2883	5322	1599	2176	4247	3351	4328	6714	4451	3484	6589	5731	7369	5037	1671	5564	6784	6372	2850	3954	5598	1490	3551	5042	2757	6258	4431	6067	2420	5045	2642	5320	1647	2366	3708	3910	1923	4686	1879	3839	2827	4754
4/23/2016 1:05:00 AM	60.0833333333333	1267	2614	4232	5233	6122	3637	5850	6281	3942	3872	6512	6629	6090	2497	2110	6602	2217	1793	4860	2616	8013	1736	2996	7566	2555	1438	2017	6759	4031	3395	2661	2244	5788	2145	5981	8944	1503	2445	8014	7550	6092	2908	2832	5815	2135	6163	1920	1797	8907	6419	3764	2962	7789	1643	7886	6492	2713	1528	6090	7635	1569	7526	8065	8865	1701	4634	1624	2725	5341	5836	2581	5384	8098	3043	3509	3111	3053	4683	6772	7163	4660	7470	4947	1664	1724	1634	3628	3223	6640	7209	1971	3205	8215	2259	7849	6304	7887	6367	3856	8031	8192	8192	7265	2159	1848	3371	9106	8122	5007	2600	1448	1493	6659	6273	3063	7093	3343	5277	8177	3419	6953	6901	6238	6889	1443	5558	4982	6861	8044	8471	5282	7653	8178	8299	5716	3809	8627	2709	8735	4151	3039	1464	8430	8775	7858	8592	7150	8429	2957	2955	2279	4723	8011	6954	5566	2259	2260	1752	3162	7621	2123	4697	8648	5107	8812	8498	2546	3150	1627	4060	7541	2370	5967	2245	3760	7531	2698	8224	7933	3183	8968	3048	8447	2754	7860	8226	8266	3014	2434	5767	9641	1682	8747	1420	5240	6152	2827	7572	2948	2178	7771	2687	7918	3551	8236	8878	3873	5413	1712	1752	3116	6843	8485	7846	6552	2265	8730	8376	8014	7845	5279	3250	5019	3791	5453	2999	2324	2970	1435	7686	7049	1662	2860	7890	8541	2890	2717	7674	1523	2287	6526	7962	7700	8485	6944	4651	8065	6818	1707	8272	2413	2198	6478	1595	3692	1719	1380	5297	4813	8427	7935	1494	1558	8268	2155	7631	3142	6156	1526	2163	4867	3878	4639	8267	4995	3951	8159	6791	8892	5824	1537	6520	8162	7673	3062	4092	6493	1455	3773	5784	3005	7724	4975	7140	2537	5648	2850	6158	1586	2401	3966	4204	1960	5326	1817	4210	2804	5416
4/23/2016 5:05:00 AM	64.0833333333333	1198	2597	4783	5988	7165	4010	6762	7342	4365	4309	7549	7772	6920	2617	2210	7753	2217	1803	5300	2737	9407	1711	3236	8703	2602	1372	2037	7615	4481	3623	2798	2164	6635	2145	6998	10292	1501	2414	9056	8959	6852	2896	3002	6910	2181	7186	1954	1830	10283	6962	4211	3259	8984	1673	9168	7594	2725	1438	7054	8773	1559	8852	9283	10224	1776	5224	1562	2881	6347	6805	2761	6425	9413	3052	3719	3094	3081	5439	7854	8021	5235	8713	5444	1699	1735	1631	3861	3534	8156	8348	1980	3458	9388	2254	9112	7545	9001	7572	4304	9272	9485	9407	8461	2128	1850	3381	10318	9388	5632	2451	1417	1607	7695	7296	3095	8464	3528	5755	9407	3618	7924	8226	7478	7802	1492	6538	5626	7681	9405	9755	5983	9091	9400	9506	6188	4134	9868	2742	9871	4573	3214	1410	9587	10016	8727	9888	8436	9877	2942	2929	2269	5321	8820	8231	6269	2312	2253	1858	3402	8562	2209	5213	9910	5662	10199	9651	2529	3174	1681	4467	8743	2394	7004	2263	4154	8764	2688	9218	9139	3202	10148	3378	9715	2960	9154	9520	9651	2991	2549	6613	10855	1685	9994	1435	5875	7132	2895	9021	3168	2148	9048	2708	9178	3883	9357	10088	4342	6433	1679	1781	3406	8208	9752	8840	7779	2365	9926	9699	9011	9093	5796	3307	5730	3902	6338	2954	2342	3164	1404	8964	8198	1654	2832	9089	9803	3116	2897	9011	1467	2260	7486	9228	9103	9901	7838	5223	9248	8156	1649	9703	2423	2211	7415	1601	4115	1646	1435	5786	5376	9729	9141	1397	1547	9532	2066	8826	3372	7124	1446	2249	5523	4189	5022	9541	5464	4271	9323	7992	10076	6675	1533	7399	9525	8866	3343	4187	7516	1394	3966	6575	3229	9030	5433	8243	2681	6391	3033	6917	1539	2406	4165	4367	1960	5926	1761	4549	2759	6014
4/23/2016 9:05:00 AM	68.0833333333333	1192	2632	5354	6732	8064	4417	7600	8176	4622	4767	8430	8891	7658	2814	2264	8640	2256	1800	5790	2873	10591	1690	3495	9957	2715	1344	2052	8439	4955	3801	2866	2058	7390	2144	7964	11556	1533	2421	10089	10017	7707	2907	3194	7907	2235	8164	1961	1799	11551	7510	4752	3552	10222	1762	10376	8531	2730	1376	8229	9778	1580	10097	10589	11522	1824	5800	1512	2941	7408	7615	2862	7472	10548	3056	3929	3115	3095	6370	8689	8842	5844	9907	6076	1702	1741	1639	4012	3845	9244	9434	1991	3697	10578	2252	10465	8606	10033	8560	4658	10424	10840	10666	9771	2085	1869	3426	11546	10860	6279	2436	1386	1608	8580	8286	3071	9644	3745	6313	10802	3460	8784	9346	8750	8641	1493	7373	6362	8401	10433	11051	7005	10288	10757	10726	6599	4505	11167	2745	11087	4954	3453	1391	10927	11236	9609	11190	9372	11134	3009	2917	2263	5985	9586	9258	7214	2391	2242	1901	3670	9258	2179	5707	11363	6254	11579	10624	2516	3209	1687	4938	9814	2359	7873	2285	4530	9731	2654	10532	10433	3120	11350	3661	10932	3093	10460	10832	10691	3015	2640	7040	12212	1612	11366	1419	6445	7966	3092	9975	3455	2205	10263	2742	10425	4183	10530	11437	4663	7395	1670	1804	3688	9261	11039	9914	8870	2480	11198	10905	10060	10314	6430	3384	6699	4029	7390	3010	2365	3440	1425	9877	9141	1661	2813	10380	11243	3384	3113	10028	1444	2274	8434	10347	10248	11114	8791	5823	10353	9168	1652	11058	2403	2166	8296	1560	4616	1605	1416	6388	5967	11048	10186	1391	1496	10788	1993	9828	3615	7953	1370	2214	6311	4593	5378	10819	6016	4706	10533	9080	11182	7506	1480	8144	10676	10042	3603	4319	8495	1388	4150	7261	3490	10202	6016	8922	2796	7031	3242	7829	1468	2438	4197	4475	2022	6378	1700	4842	2754	6658
4/23/2016 1:05:00 PM	72.0833333333333	1136	2572	5893	7265	8738	4874	8142	8742	4985	5297	9183	9730	8216	2894	2355	9634	2282	1807	6257	2913	11703	1691	3719	11087	2847	1317	2080	9267	5443	4002	2938	1981	8189	2147	8936	12770	1530	2426	11063	10918	8512	2889	3355	8833	2265	9014	1981	1799	12940	7997	5384	3894	11590	1803	11674	9496	2725	1301	9231	10812	1577	11418	11747	13007	1897	6467	1534	3014	8189	8371	3081	8406	11740	3062	4114	3134	3059	7286	9401	9557	6549	11296	6634	1689	1710	1630	4228	4188	10553	10238	2005	3975	11931	2201	11746	9612	11195	9371	4987	11767	11986	11981	11193	2058	1840	3473	12853	12116	6900	2330	1336	1641	9341	9289	3135	10814	3961	6875	12049	3499	9567	10476	9694	9356	1508	8144	7149	9054	11531	12410	7880	11694	12087	11860	7005	4939	12501	2740	12543	5311	3858	1338	12219	12481	10374	12405	10273	12569	3122	2942	2263	6675	10343	10206	7973	2392	2199	1891	3933	10115	2192	6234	12889	6893	12867	11655	2473	3215	1751	5467	10821	2374	8758	2244	4802	10660	2615	11579	11750	3187	12625	3957	12114	3329	11760	12061	11913	2983	2708	7546	13473	1564	12656	1441	7026	8914	3149	10939	3811	2200	11670	2773	11610	4704	11773	12621	5113	8095	1641	1815	4013	10311	12370	11043	9884	2544	12319	12120	11036	11510	6904	3383	7313	4140	8283	3026	2374	3701	1466	11056	10299	1629	2826	11878	12591	3738	3366	11102	1392	2254	9151	11453	11618	12507	9718	6579	11627	10346	1602	12244	2376	2097	9134	1527	5153	1526	1413	6964	6563	12490	11277	1341	1449	12090	1990	10883	3927	8681	1318	2240	6970	5082	5621	12051	6436	5228	11832	9834	12153	8235	1427	8977	11832	11209	3931	4328	9276	1318	4344	7933	3774	11443	6487	9654	2843	7581	3382	8355	1410	2455	4143	4443	2061	6789	1663	5042	2748	7069
4/23/2016 5:05:00 PM	76.0833333333333	1113	2573	6483	7828	9319	5409	8590	9213	5236	5812	9727	10464	8791	3000	2409	10547	2333	1803	6691	2974	12918	1647	3979	12162	2831	1234	2075	9825	5910	4172	2975	1916	8993	2181	9617	13725	1523	2423	11894	11759	9145	2867	3546	9748	2305	9908	1954	1779	13899	8531	5901	4247	12416	1829	12687	10317	2770	1277	10203	11722	1587	12420	12628	13902	1806	7001	1409	3061	8899	9038	3255	9136	12667	3007	4330	3119	3042	7856	9941	10149	7045	12151	7199	1714	1716	1648	4413	4620	11824	11088	2003	4270	12897	2253	12921	10796	12058	10234	5409	12842	13101	12984	12293	1992	1840	3451	13990	13055	7628	2243	1309	1594	9951	10072	3082	11985	4126	7371	13107	3568	10175	11642	10729	9942	1503	8734	7821	9672	12674	13584	8725	12992	12959	12786	7306	5424	13477	2780	13573	5674	4169	1320	13288	13537	11053	13506	11075	13620	3232	2955	2268	7251	10935	11204	8474	2487	2190	1916	4170	10752	2173	6652	13960	7321	13853	12641	2462	3222	1782	5886	11992	2349	9633	2280	5227	11496	2647	12438	12817	3214	13573	4284	12921	3528	12818	12967	13016	2994	2787	7866	14428	1567	13835	1481	7530	9640	3279	11835	4089	2176	12666	2804	12620	5105	12670	13703	5633	8786	1641	1805	4266	11348	13429	11834	11159	2730	13390	13044	11872	12807	7516	3464	8012	4175	9021	3030	2374	3962	1454	12117	11152	1635	2790	12939	13633	4012	3644	12073	1338	2253	9736	12455	12761	13460	10422	7135	12473	11266	1567	13207	2319	2031	9872	1546	5727	1455	1406	7370	7078	13562	12249	1270	1402	13211	1859	11961	4237	9409	1273	2233	7628	5630	5940	13174	6858	5705	12853	10645	13287	8778	1333	9586	12733	12023	4387	4372	10155	1307	4494	8489	4051	12431	6907	10357	2953	8150	3555	8806	1360	2375	4060	4374	1963	6986	1606	5347	2754	7483
4/23/2016 9:05:00 PM	80.0833333333333	1073	2590	6965	8245	9804	5782	8891	9551	5455	6272	10273	11136	9262	3045	2487	11440	2346	1791	7201	3097	13821	1670	4261	13090	2899	1173	2075	10327	6420	4330	3077	1819	9459	2190	10389	14522	1566	2434	12673	12622	9693	2846	3768	10617	2483	10672	1984	1793	14802	8876	6616	4627	13482	1847	13508	10964	2767	1248	11164	12407	1579	13253	13435	14753	1886	7556	1431	3142	9660	9547	3502	9900	13689	3064	4531	3063	3059	8475	10597	10802	7561	12953	7782	1719	1736	1624	4681	4972	13002	11800	1992	4571	13698	2286	13830	11776	12702	11148	5795	13532	13845	13941	13148	1984	1893	3502	14869	13960	8240	2145	1259	1632	10574	10913	3113	12839	4287	7776	13972	3639	10711	12541	11968	10504	1544	9349	8494	10131	13460	14385	9307	14011	13909	13635	7665	5855	14294	2806	14256	5991	4511	1253	14095	14361	11848	14394	11804	14540	3367	2989	2250	7697	11434	11981	8965	2533	2177	1975	4498	11311	2176	7036	14951	7766	14667	13277	2425	3255	1862	6235	12756	2293	10351	2297	5602	12328	2610	13223	13543	3224	14316	4601	13884	3766	13519	14026	13704	3002	2936	8222	15274	1503	14560	1482	8028	10339	3326	12616	4434	2206	13647	2837	13409	5624	13616	14388	6112	9555	1656	1870	4610	12260	14326	12593	12120	2789	14454	13938	12474	13641	7948	3461	8842	4288	9696	3060	2364	4190	1471	12791	12069	1622	2800	13813	14638	4382	3979	12884	1291	2280	10329	13223	13640	14412	11135	7645	13242	12185	1616	14125	2286	2008	10592	1537	6117	1432	1475	7801	7589	14485	12976	1268	1413	13985	1774	12637	4536	9847	1255	2296	8104	6084	6188	13966	7184	6161	13686	11407	13928	9419	1355	10144	13657	12850	4799	4430	10864	1282	4686	8972	4267	13283	7459	10885	3046	8605	3731	9120	1278	2357	3980	4285	2015	7141	1562	5560	2694	7725
4/24/2016 1:05:00 AM	84.0833333333333	1073	2554	7497	8720	10202	6120	9097	9913	5595	6690	10782	11831	9692	3103	2600	12151	2352	1807	7472	3129	14476	1703	4522	13560	2967	1115	2101	10721	6736	4522	3172	1745	10104	2178	10896	15173	1577	2374	13338	13233	10289	2826	4043	11327	2401	11291	1986	1775	15456	9328	7190	4937	14237	1826	14297	11649	2757	1176	11953	13038	1596	14054	14424	15556	1957	8129	1372	3167	10233	10080	3643	10564	14267	3032	4722	3125	3021	9063	11044	11352	8105	13692	8088	1693	1713	1624	4798	5457	14047	12257	2018	4856	14380	2254	14545	12706	13449	11800	6187	14371	14719	14788	14095	1922	1889	3494	15377	14496	8694	2045	1266	1700	11185	11618	3081	13624	4450	8210	14841	3620	11251	13186	12865	10979	1517	9895	9172	10655	14133	15158	9963	14969	14750	14386	7985	6303	15045	2827	14834	6147	4908	1208	15049	14928	12242	15117	12338	15354	3516	3005	2257	8122	11982	12774	9680	2632	2129	1965	4822	11737	2202	7402	15702	8122	15366	14079	2427	3313	1865	6551	13385	2291	11005	2300	6089	12741	2599	13764	14300	3207	14909	4881	14530	4062	14329	14733	14356	2987	2963	8459	15876	1432	15375	1497	8383	10948	3378	13300	4851	2234	14340	2910	14157	6173	14248	15125	6594	10116	1642	1849	4895	13043	14921	13271	13126	2916	14952	14513	13290	14153	8529	3528	9481	4338	10275	3072	2393	4458	1503	13581	12674	1652	2793	14641	15078	4639	4166	13516	1223	2267	10738	13963	14363	14997	11633	8059	13786	12798	1599	14721	2249	1904	11187	1499	6619	1331	1488	8251	8090	15254	13590	1203	1347	14649	1712	13210	4982	10555	1204	2291	8682	6410	6449	14621	7539	6508	14378	12103	14381	9862	1262	10708	14263	13508	5094	4471	11331	1226	4810	9393	4516	13920	7770	11262	3183	8992	3934	9441	1286	2288	3875	4157	1894	7132	1497	5710	2733	7945
4/24/2016 5:05:00 AM	88.0833333333333	1030	2502	7867	9112	10579	6419	9277	10062	5692	7043	11179	12360	10037	3100	2716	12861	2436	1807	7911	3309	15049	1681	4674	14377	3052	1081	2112	11081	6982	4695	3179	1694	10553	2186	11463	15986	1545	2371	14129	13926	10725	2777	4266	11946	2468	11820	2017	1778	16207	9825	7749	5263	14903	1860	14782	11998	2731	1155	12811	13661	1598	14680	15057	16308	1926	8602	1359	3289	10718	10417	3828	11228	14842	3012	4875	3110	3025	9615	11601	12033	8604	14354	8641	1712	1716	1640	4967	5877	15030	12927	2051	5020	15086	2283	15232	13458	13972	12368	6488	14818	15434	15460	14900	1894	1934	3495	16068	15245	9206	1967	1198	1680	11605	12229	3054	14324	4608	8578	15503	3625	11726	13753	13769	11479	1567	10323	9796	11204	14834	15771	10477	15911	15349	14870	8314	6754	15733	2903	15489	6428	5309	1225	15704	15526	12978	15579	12989	15932	3615	3036	2215	8663	12594	13446	10022	2687	2069	2021	5177	12440	2196	7791	16334	8653	16013	14721	2288	3391	1920	6957	14205	2286	11598	2325	6402	13362	2619	14437	15067	3215	15469	5074	15190	4341	15067	15374	14922	2929	3147	8779	16615	1426	15916	1510	8763	11478	3498	13854	5307	2250	14987	2969	14833	6653	14856	15890	7071	10757	1674	1878	5148	13733	15577	13992	14088	3050	15764	15201	13940	15038	8895	3559	10164	4443	10936	3048	2374	4738	1474	14249	13497	1594	2767	15092	15994	4825	4353	14045	1181	2285	11281	14486	14946	15848	12190	8418	14350	13484	1586	15457	2214	1850	11738	1533	6928	1335	1457	8629	8597	15789	14180	1169	1314	15358	1654	13756	5331	10969	1182	2270	9150	6895	6668	15420	7825	6899	15085	12707	15251	10421	1211	11182	14859	14188	5609	4624	11870	1187	4977	9766	4671	14644	8090	11776	3287	9301	4107	9641	1219	2241	3770	3996	1868	7007	1418	5939	2688	8128
4/24/2016 9:05:00 AM	92.0833333333333	998	2563	8344	9448	10859	6658	9339	10139	5787	7405	11541	12820	10461	3163	2798	13713	2478	1811	8322	3370	15610	1648	4863	14902	3139	1053	2124	11386	7362	4842	3255	1640	10961	2172	12105	16453	1631	2359	14967	14368	11213	2800	4465	12535	2541	12412	2020	1758	16683	10407	8365	5437	15678	1953	15449	12481	2764	1097	13672	14276	1571	15370	15644	16849	1953	9081	1325	3328	11231	11000	4020	11757	15670	2985	5038	3074	2993	10069	11996	12580	9089	14855	9011	1681	1734	1645	5140	6338	16000	13389	2005	5264	15655	2325	15830	14417	14584	12992	6864	15318	15964	15990	15481	1847	1939	3561	16725	15899	9717	1934	1203	1750	12129	12967	3071	14959	4776	9046	16130	3679	12251	14281	14612	11927	1584	10733	10317	11832	15452	16436	11034	16733	15957	15485	8738	7301	16363	2929	16123	6687	5681	1166	16341	16214	13723	16188	13481	16645	3783	3137	2214	8987	13224	14085	10533	2780	2044	2036	5483	12928	2226	8016	17036	9038	16557	15543	2256	3403	1934	7256	14715	2297	12216	2279	6620	13771	2592	15008	15598	3257	16127	5280	15752	4616	15603	15778	15586	2974	3223	9071	17026	1346	16569	1528	9142	12024	3507	14364	5722	2208	15672	3033	15420	7101	15457	16402	7577	11248	1658	1903	5331	14488	16237	14603	14953	3147	16156	15850	14598	15668	9366	3573	10744	4474	11413	3036	2403	5077	1524	14869	14257	1624	2754	15785	16538	5045	4518	14577	1111	2302	11754	15077	15640	16441	12770	8827	14864	13959	1546	15948	2160	1804	12228	1521	7318	1256	1497	9024	9074	16256	14778	1153	1271	15854	1653	14283	5707	11311	1119	2303	9605	7188	6819	15996	8230	7200	15652	13224	15777	10906	1163	11768	15520	14756	6069	4635	12396	1121	5052	10197	4819	15061	8416	12341	3315	9585	4235	9878	1154	2189	3643	3908	1786	6944	1363	6064	2682	8124
4/24/2016 1:05:00 PM	96.0833333333333	959	2652	8686	9758	11174	6838	9388	10345	5797	7670	11971	13231	10821	3076	2869	14465	2519	1807	8752	3378	16191	1671	5048	15610	3167	1019	2124	11767	7726	5000	3302	1559	11521	2210	12661	17142	1604	2328	15615	14946	11644	2790	4709	13151	2600	12997	2017	1779	17381	10914	8881	5642	16300	1962	16049	12990	2823	1096	14434	14751	1570	15752	16192	17236	2015	9691	1281	3367	11734	11384	4273	12445	16229	2998	5129	3069	3034	10504	12495	13258	9599	15390	9437	1679	1703	1643	5281	6822	16861	13939	2044	5468	16097	2309	16401	15173	15239	13543	7183	16066	16419	16636	16039	1802	1989	3587	17201	16465	10232	1873	1123	1777	12627	13806	3037	15595	4928	9486	16741	3728	12686	14818	15526	12434	1639	11113	10818	12481	16038	17092	11621	17400	16567	16029	8990	7754	16824	2992	16660	6833	5961	1103	16864	16912	14386	16705	14032	17171	3926	3126	2212	9456	13998	14732	10941	2872	2068	2054	5806	13614	2248	8372	17544	9440	17117	16210	2225	3371	2022	7545	15493	2289	12846	2382	6919	14499	2611	15518	16206	3279	16693	5429	16237	4924	16167	16547	16050	2954	3350	9466	17518	1319	17277	1513	9607	12689	3582	15098	6208	2286	16303	3105	15991	7511	16125	16825	8129	11731	1628	1940	5484	15105	16843	15146	15810	3189	16865	16354	15150	16177	9856	3600	11106	4520	11940	3037	2369	5421	1528	15489	14878	1603	2767	16468	17164	5235	4669	15080	1140	2317	12217	15749	16252	16870	13332	9186	15537	14637	1584	16476	2096	1727	12805	1527	7648	1286	1507	9486	9566	16938	15297	1097	1267	16508	1549	14893	6017	11904	1042	2311	9990	7544	7100	16632	8595	7598	16230	13753	16503	11391	1133	12253	16146	15494	6355	4640	12780	1135	5115	10557	4940	15688	8794	13030	3461	9862	4297	9999	1150	2088	3398	3811	1742	6707	1319	6255	2695	8199
4/24/2016 5:05:00 PM	100.083333333333	956	2492	9116	10081	11474	6890	9379	10388	5771	7893	12306	13822	11150	3044	2987	15488	2541	1773	9130	3742	16840	1680	5188	16159	3260	965	2126	12077	7949	5198	3357	1529	11947	2238	13316	17766	1628	2311	16387	15560	12108	2765	4899	13889	2662	13639	2039	1775	17872	11494	9340	5852	16852	1946	16707	13474	2833	1041	15330	15418	1558	16368	16810	17988	2040	10251	1252	3476	12247	11947	4498	13146	16840	2997	5369	3102	3002	10993	13041	13930	10165	16049	9782	1680	1708	1631	5530	7263	17592	14623	2061	5678	16680	2321	17021	15990	15854	14204	7523	16495	17052	17185	16748	1726	2027	3633	17697	17082	10773	1832	1102	1778	13163	14501	3048	16055	5184	9964	17245	3716	13205	15557	16404	12954	1623	11593	11396	13230	16625	17659	12251	18119	17220	16794	9336	8344	17335	3035	17331	7025	6379	1046	17637	17284	15071	17365	14506	17689	4109	3165	2214	9834	14733	15359	11488	2961	1993	2110	6076	14191	2347	8748	18156	9761	17742	16923	2191	3386	2085	7809	16168	2282	13524	2386	7174	14998	2531	16243	16809	3206	17309	5593	17037	5269	16703	17112	16675	2989	3451	9788	17899	1264	17643	1504	9934	13233	3625	15829	6621	2309	16789	3166	16449	7891	16544	17416	8634	12300	1664	1896	5687	15735	17271	15734	16687	3307	17459	17013	15771	16824	10112	3658	11859	4639	12534	3043	2422	5723	1498	16017	15805	1645	2751	17066	17687	5412	4930	15672	1044	2315	12862	16299	16780	17551	13853	9560	16139	15208	1543	16919	2048	1640	13278	1508	8053	1164	1450	9724	10037	17427	15850	1096	1182	17040	1476	15393	6390	12404	1031	2354	10421	7913	7285	17450	8900	7947	16873	14404	17151	11922	1059	12816	16818	16194	6730	4663	13251	1064	5234	10941	5115	16302	9234	13649	3491	10168	4442	10107	1041	1987	2844	3514	1620	6446	1311	6389	2642	8222
4/24/2016 9:05:00 PM	104.083333333333	927	2522	9417	10289	11745	6912	9403	10457	5785	8091	12726	14443	11574	2986	3011	16262	2587	1787	9703	3506	17573	1682	5332	16955	3354	964	2128	12492	8267	5393	3408	1475	12483	2281	13920	18499	1664	2284	17260	16244	12619	2737	5146	14550	2744	14270	2029	1766	18430	12131	9834	6029	17397	2048	17379	14014	2811	1017	16215	16084	1556	16759	17548	18359	2050	10730	1179	3457	12953	12361	4738	13722	17545	2990	5636	3082	2984	11505	13487	14730	10626	16621	10253	1654	1699	1630	5656	7754	18338	15239	2053	5874	17166	2410	17656	16734	16340	14857	7915	17164	17641	17761	17386	1682	2113	3596	18103	17446	11448	1773	1057	1870	13797	15280	3018	16674	5367	10539	17806	3722	13797	16056	17260	13589	1655	12066	12115	14037	17239	18246	12797	18838	17740	17434	9781	8880	18087	3095	18000	7274	6851	1023	18047	17792	15914	17844	15107	18294	4286	3255	2202	10312	15557	16073	12022	3018	1924	2134	6384	14939	2344	9089	18682	10241	18145	17608	2118	3417	2146	8159	16779	2231	14288	2454	7540	15572	2602	17070	17465	3210	17989	5723	17720	5560	17238	17617	17260	2933	3535	10321	18633	1251	18288	1555	10361	14042	3678	16430	7073	2321	17467	3296	17006	8340	17110	17928	9202	12847	1666	1867	5856	16226	17803	16568	17538	3381	17972	17583	16509	17386	10760	3632	12318	4558	13223	2998	2422	6063	1523	16719	16312	1611	2733	17636	18388	5677	5065	16375	1044	2285	13245	16875	17487	18241	14470	9983	16788	15834	1617	17769	1975	1599	14150	1500	8389	1150	1523	10294	10551	18140	16466	1012	1205	17619	1443	16116	6814	12864	973	2377	10892	8285	7513	18249	9210	8382	17742	15156	18032	12430	1047	13439	17469	17029	7132	4624	13690	1003	5387	11326	5269	17096	9604	14269	3561	10531	4536	10101	1058	1647	2227	3045	1576	6303	1283	6498	2609	8129
4/25/2016 1:05:00 AM	108.083333333333	896	2457	9739	10634	12005	6908	9338	10413	5791	8223	13104	14965	12007	2952	3073	17389	2568	1797	10306	3522	18353	1662	5458	17676	3282	891	2133	12919	8575	5559	3408	1416	13027	2344	14707	19120	1689	2278	18093	16883	13126	2713	5426	15235	2754	14946	2041	1769	18921	12796	10504	6288	18138	2093	17909	14575	2816	959	17007	16743	1549	17447	18075	18941	2172	11344	1169	3464	13536	12974	4931	14447	18128	2989	5817	3074	2962	11957	14120	15428	11174	17233	10613	1626	1701	1631	5948	8199	19202	15831	2074	6004	17628	2416	18154	17596	17206	15515	8239	17774	18174	18216	17728	1642	2085	3651	18387	17977	11972	1635	1022	1897	14478	16160	2988	17245	5555	11025	18299	3827	14427	16548	17933	14176	1656	12565	12802	14884	17859	18686	13420	19384	18275	17937	10191	9463	18561	3187	18748	7375	7250	985	18676	18307	16551	18255	15731	18646	4496	3374	2197	10832	16440	16857	12645	3098	1922	2124	6706	15603	2407	9506	19087	10666	18614	18166	2092	3434	2273	8419	17619	2231	14959	2443	7891	16147	2557	17684	17951	3224	18596	5879	18437	5849	17883	18262	17996	2968	3622	10784	18893	1192	18857	1543	11025	14806	3761	17110	7581	2341	18057	3439	17524	8692	17536	18593	9819	13507	1654	1911	6008	16862	18366	17218	18356	3493	18542	18066	17010	18019	9047	3603	13181	4685	13818	3013	2421	6362	1521	17390	17322	1619	2688	18090	18853	5847	5292	17203	978	2283	13832	17657	17976	18741	15027	10411	17073	16386	1607	18232	1940	1533	14834	1502	8739	1090	1556	10603	11092	18652	16993	1008	1082	18177	1390	16899	7211	13423	905	2369	11462	8670	7633	18895	9726	8803	18332	15789	18601	12971	1015	14050	18314	17821	7501	4712	14111	958	5474	11755	5442	17828	10097	14969	3596	10935	4568	10065	946	1115	1489	2543	1353	6234	1241	6540	2583	8109
4/25/2016 5:05:00 AM	112.083333333333	846	2468	10118	10891	12255	6811	9174	10333	5713	8301	13605	15610	12515	2864	3145	18189	2597	1808	10687	3547	18870	1670	5632	18580	3385	824	2129	13329	8885	5746	3462	1382	13598	2464	15393	19760	1629	2269	19060	17693	13841	2706	5614	15990	2865	15630	2065	1772	19313	13464	10974	6494	18504	2135	18489	15360	2911	923	17860	17333	1573	17996	18577	19211	2179	12009	1085	3464	14216	13682	5091	15191	18792	2954	6033	3038	2990	12438	14793	16154	11845	17904	11261	1658	1666	1649	6106	8682	19912	16311	2089	6218	17950	2506	18540	18389	17896	16138	8596	18428	18572	18657	18306	1578	2183	3674	18555	18419	12674	1632	994	1904	15190	17146	2992	17822	5811	11624	18614	3799	15034	16934	18843	14835	1668	13124	13663	15739	18606	19063	13959	20037	18765	18550	10582	10039	18936	3217	19345	7697	7578	965	19167	18613	17364	18682	16157	18914	4698	3393	2144	11333	17315	17725	13260	3203	1855	2169	6990	16499	2441	9935	19527	11198	18947	18781	2024	3416	2252	8831	18346	2242	15502	2445	8211	16816	2549	18376	18480	3205	19330	5979	19089	6158	18349	18669	18607	2958	3689	11259	19210	1163	19216	1577	11314	15600	3723	17795	8177	2408	18644	3511	18006	9211	17891	18912	10407	14127	1634	1876	6182	17602	19132	17911	19212	3636	18893	18569	17513	18351	11492	3675	12253	4677	14600	3008	2433	6659	1521	17922	17982	1646	2685	18525	19356	6070	5448	17959	941	2280	14567	18482	18567	19149	15609	10793	17990	16765	1592	18786	1853	1453	15707	1510	9054	1067	1529	11149	11746	19416	17835	976	1074	18643	1368	17636	7645	13980	886	2341	12006	9032	7970	19601	10091	9201	18972	16609	19468	13676	1006	14766	19009	18596	7853	4744	14389	990	5517	12155	5588	18559	10622	15638	3618	11170	4591	9971	772	776	851	1645	1176	6066	1193	6585	2532	8034
4/25/2016 9:05:00 AM	116.083333333333	820	2416	10476	11088	12574	6682	9027	10196	5619	8319	14071	16116	12930	2772	3193	19273	2641	1782	11283	3580	19544	1654	5712	19154	3398	800	2113	13682	9204	5924	3500	1359	14379	2466	16114	20200	1681	2250	19697	18332	14617	2685	5796	16616	2904	16096	2047	1777	19705	14120	11482	6748	18927	2183	18974	15898	2869	894	18449	18057	1541	18312	18932	19492	2173	12584	1081	3495	14883	14315	5309	15713	19294	2948	6267	3012	2974	12797	15269	16934	12488	18222	11648	1614	1666	1619	6339	9090	20516	17037	2110	6308	18184	2540	18876	19038	18572	16931	8985	18964	18967	18948	18689	1572	2170	3610	18706	18589	13258	1636	957	1916	15911	17921	2987	18223	5855	12174	19029	3809	15704	17282	19414	15440	1666	13713	14489	16610	19092	19394	14302	20334	19195	19104	11122	10610	19257	3320	19863	7875	8061	930	19479	18894	18151	19015	16887	19077	4930	3522	2175	11828	18345	18451	13868	3241	1784	2263	7220	17034	2478	10321	19802	11590	19331	19282	1984	3393	2241	9161	18834	2196	15929	2447	8495	17426	2547	18873	18887	3222	19829	6049	19563	6485	18745	19087	18971	2910	3834	11734	19495	1154	19469	1570	11767	16374	3733	18512	8693	2354	18885	3634	18308	9581	18068	19148	11002	14471	1626	1875	6282	18053	19454	18565	19750	3712	18927	18994	17982	18664	11919	3697	14623	4783	15304	3017	2452	6990	1535	18505	18855	1586	2671	18829	19674	6184	5623	18527	938	2257	15179	19126	18908	19500	16292	11197	18581	17314	1591	19141	1787	1392	16418	1480	9424	1038	1523	11624	12401	19667	18583	939	1061	19055	1329	18262	8075	14695	854	2358	12606	9469	8097	20147	10571	9738	19493	17283	20111	14321	941	15488	19489	19318	8250	4711	14845	969	5597	12575	5668	19262	11081	16244	3613	11462	4626	9839	726	558	433	859	963	5852	1141	6657	2558	7897
4/25/2016 1:05:00 PM	120.083333333333	758	2434	10860	11401	12698	6470	8846	10038	5499	8382	14435	16670	13208	2798	3295	20061	2671	1774	11788	3558	20136	1621	5835	19852	3409	780	2137	14220	9549	6032	3529	1323	14970	2536	16644	20626	1728	2214	20439	19005	15252	2654	5917	17072	2973	16578	2062	1765	20052	14867	12069	6877	19389	2167	19452	16547	2942	880	19025	18625	1550	18820	19244	19744	2254	13342	1034	3521	15445	15006	5464	16241	19750	2932	6410	3032	2978	13176	15860	17647	13097	18708	12095	1628	1697	1610	6483	9563	20815	17577	2105	6514	18495	2554	19041	19600	19072	17499	9344	19307	19176	19207	18883	1533	2266	3704	18815	18838	13980	1554	925	1991	16642	18762	2957	18520	6121	12696	19224	3850	16356	17572	19916	16045	1705	14382	15291	17487	19617	19464	14660	20572	19517	19556	11637	11275	19562	3383	20416	8072	8474	919	19769	19096	18821	19150	17509	19248	5182	3601	2135	12287	19144	19038	14396	3350	1785	2289	7560	17760	2511	10676	20021	12116	19488	19734	1960	3409	2322	9498	19283	2224	16379	2446	8904	17955	2550	19295	19120	3200	20353	6262	20201	6794	19047	19462	19414	2922	3936	12217	19533	1119	19741	1587	12248	17384	3739	19243	9321	2344	19224	3691	18462	10005	18153	19467	11679	14963	1630	1883	6403	18145	19708	19202	20230	3812	19314	19534	18536	19074	12535	3737	15519	4891	16031	3047	2456	7379	1536	18821	19533	1632	2673	19044	19890	6384	5813	19238	884	2261	15921	19812	19436	19753	17129	11530	19015	17532	1544	19338	1753	1336	17084	1442	9831	992	1532	12097	13025	20043	19268	889	1016	19263	1302	18835	8448	15405	825	2404	13146	9895	8325	20726	10977	10180	19975	17853	20655	15004	904	16193	19992	19944	8565	4656	15079	906	5661	12916	5804	19650	11605	16924	3614	11798	4629	9660	637	430	390	277	772	5371	1093	6610	2505	7736
4/25/2016 5:05:00 PM	124.083333333333	775	2387	11180	11604	12740	6204	8684	9789	5422	8353	14726	17056	13469	2786	3278	20611	2700	1758	12380	3534	20647	1626	5958	20314	3359	725	2091	14545	9962	6239	3497	1261	15666	2618	17170	20998	1722	2209	20906	19562	15935	2634	6142	17559	3022	16954	2054	1770	20088	15441	12603	7137	19777	2256	19942	17099	2952	851	19523	18919	1545	19072	19471	19856	2310	14125	996	3493	15898	15583	5676	16725	20137	3093	6617	3051	2960	13547	16570	18304	13729	19038	12637	1623	1659	1617	6693	9957	21147	18260	2093	6677	18742	2628	19297	20064	19499	17921	9754	19662	19457	19364	19153	1467	2318	3731	18898	18976	14604	1472	883	1938	17390	19350	2930	18813	6333	13273	19451	3890	16909	17742	20382	16847	1691	14822	16146	18153	19924	19717	14896	20735	19721	20015	12210	11896	19614	3474	20908	8285	9002	848	19995	19289	19146	19106	18005	19474	5487	3684	2109	12714	19956	19402	14883	3430	1722	2289	7907	18407	2560	11039	20180	12730	19633	20113	1889	3406	2363	9890	19639	2215	16642	2497	9276	18363	2527	19623	19331	3171	20762	6384	20521	7085	19069	19411	19505	2889	3981	12753	19609	1029	19823	1578	12879	18015	3792	19486	9893	2348	19291	3853	18673	10432	18414	19567	12335	15201	1585	1893	6635	18655	19973	19705	20599	3950	19276	19542	18983	19129	13249	3765	16491	4854	16715	3011	2477	7708	1533	19201	19841	1614	2626	19252	19997	6535	5989	19787	843	2269	16337	20075	19604	19963	17826	11769	19337	17754	1532	19668	1695	1286	17705	1480	10252	965	1544	12893	13711	20339	19739	846	961	19513	1225	19270	8923	16119	753	2366	13699	10320	8596	21347	11483	10713	20403	18345	20872	15593	911	17031	20740	20372	8869	4608	15376	858	5679	13264	5851	20122	12244	17406	3574	12064	4565	9406	721	383	469	455	560	4677	713	6568	2458	7607
